2 0.5359375 0.67421875 0.04921875 0.0578125
2 0.48515625 0.73515625 0.034375 0.0578125
2 0.25234375 0.63125 0.02265625 0.03515625
2 0.31640625 0.6453125 0.02734375 0.0296875
2 0.146875 0.32265625 0.0359375 0.034375
2 0.00859375 0.49921875 0.01640625 0.040625
2 0.5453125 0.17578125 0.03125 0.05234375
2 0.5734375 0.271875 0.03984375 0.05859375
2 0.5921875 0.4359375 0.046875 0.065625
2 0.69375 0.46015625 0.0515625 0.06015625
2 0.9 0.14765625 0.021875 0.040625
2 0.99296875 0.22421875 0.01328125 0.0515625
2 0.98515625 0.7765625 0.0203125 0.02890625