2 0.21171875 0.5296875 0.02890625 0.046875
2 0.26015625 0.67109375 0.01796875 0.04140625
2 0.35390625 0.665625 0.0234375 0.03125
2 0.40546875 0.76328125 0.01875 0.0359375
2 0.53984375 0.77890625 0.02109375 0.0328125
2 0.72734375 0.68515625 0.03125 0.040625
2 0.65078125 0.38515625 0.04375 0.05078125
2 0.6984375 0.43515625 0.021875 0.0484375
2 0.428125 0.36484375 0.028125 0.059375
2 0.471875 0.41171875 0.02578125 0.0515625
2 0.39375 0.409375 0.02421875 0.03671875
2 0.40546875 0.49921875 0.03203125 0.040625
2 0.30390625 0.3609375 0.02421875 0.04765625
2 0.4 0.33359375 0.034375 0.05703125
2 0.34765625 0.29609375 0.03046875 0.053125
2 0.28984375 0.27109375 0.021875 0.05234375
3 0.4375 0.4390625 0.7484375 0.27109375
3 0.3734375 0.74140625 0.05390625 0.05625
3 0.75390625 0.246875 0.053125 0.1703125
3 0.1078125 0.078125 0.16015625 0.078125
2 0.0828125 0.0203125 0.02890625 0.0390625
2 0.8734375 0.24375 0.028125 0.059375
3 0.64296875 0.8890625 0.3015625 0.203125
3 0.89296875 0.1359375 0.1609375 0.0953125