2 0.3046875 0.0328125 0.0328125 0.04453125
2 0.4359375 0.3609375 0.03125 0.04765625
2 0.61796875 0.34140625 0.04375 0.05625
2 0.515625 0.47109375 0.03515625 0.0421875
2 0.4703125 0.50078125 0.040625 0.0484375
2 0.69140625 0.53671875 0.04765625 0.05625
2 0.70859375 0.6421875 0.0359375 0.06328125
2 0.5265625 0.65625 0.02421875 0.03203125
2 0.81484375 0.5859375 0.03359375 0.0515625
2 0.859375 0.578125 0.0359375 0.05078125
2 0.85859375 0.65234375 0.046875 0.05
2 0.80390625 0.73984375 0.05234375 0.06484375
2 0.91015625 0.32421875 0.0328125 0.03203125
2 0.965625 0.59296875 0.0234375 0.03671875
2 0.15703125 0.53984375 0.02109375 0.03359375