2 0.21328125 0.2125 0.0359375 0.06328125
2 0.23125 0.4515625 0.02890625 0.06171875
2 0.275 0.45703125 0.0359375 0.0390625
2 0.17578125 0.41328125 0.01953125 0.0296875
2 0.4203125 0.3296875 0.02890625 0.05234375
2 0.52265625 0.22890625 0.0421875 0.03125
2 0.6265625 0.35703125 0.01484375 0.02890625
2 0.57265625 0.4765625 0.03125 0.05859375
2 0.6328125 0.45078125 0.02421875 0.065625
2 0.64296875 0.5 0.0234375 0.05546875
2 0.62421875 0.4015625 0.0296875 0.0453125
2 0.7375 0.42265625 0.021875 0.053125
2 0.6890625 0.32109375 0.0265625 0.0453125
2 0.8296875 0.38125 0.0171875 0.03828125
2 0.68671875 0.7921875 0.03203125 0.06015625
2 0.33203125 0.87421875 0.03203125 0.0328125
2 0.35 0.79140625 0.01953125 0.05390625