2 0.21640625 0.4375 0.025 0.05390625
2 0.1828125 0.496875 0.0234375 0.0453125
2 0.2296875 0.49609375 0.0265625 0.05390625
2 0.2125 0.55234375 0.02734375 0.03984375
2 0.26875 0.56796875 0.0234375 0.040625
2 0.346875 0.40859375 0.03515625 0.0390625
2 0.3390625 0.48125 0.03125 0.053125
2 0.396875 0.53046875 0.03828125 0.053125
2 0.50703125 0.259375 0.0265625 0.0484375
2 0.52109375 0.3203125 0.0296875 0.09296875
2 0.56875 0.15 0.02734375 0.0640625
2 0.63671875 0.1921875 0.0265625 0.06640625
2 0.646875 0.296875 0.02578125 0.065625
2 0.68828125 0.265625 0.03046875 0.0546875
2 0.7609375 0.2265625 0.034375 0.05078125
2 0.80625 0.31015625 0.025 0.05
2 0.80078125 0.39765625 0.0296875 0.06484375
2 0.70078125 0.40703125 0.03046875 0.05625
2 0.6328125 0.41328125 0.03046875 0.053125
2 0.584375 0.425 0.03671875 0.06015625
2 0.51171875 0.78671875 0.0421875 0.05390625
2 0.6203125 0.725 0.0421875 0.05546875
2 0.3875 0.60234375 0.02890625 0.04140625
2 0.8109375 0.62421875 0.0390625 0.05625
2 0.84765625 0.5 0.028125 0.0515625