2 0.1234375 0.2953125 0.03125 0.04296875
2 0.353125 0.3453125 0.02890625 0.0640625
2 0.565625 0.34453125 0.0296875 0.053125
2 0.20859375 0.52578125 0.0421875 0.0390625
2 0.2015625 0.6953125 0.046875 0.046875
2 0.17578125 0.771875 0.0328125 0.04296875
2 0.27421875 0.84296875 0.0265625 0.053125
2 0.40703125 0.54453125 0.02578125 0.04765625
2 0.4328125 0.3890625 0.02421875 0.034375
2 0.559375 0.2890625 0.01796875 0.04375
2 0.57109375 0.2515625 0.028125 0.0359375
2 0.60078125 0.2296875 0.021875 0.0375
2 0.53359375 0.6109375 0.01796875 0.02890625
2 0.60703125 0.74375 0.028125 0.040625
2 0.640625 0.81875 0.02421875 0.0390625