2 0.29296875 0.42109375 0.028125 0.0453125
2 0.359375 0.58984375 0.025 0.04609375
2 0.36640625 0.33046875 0.01328125 0.03046875
2 0.37578125 0.39375 0.02109375 0.0296875
2 0.41953125 0.4515625 0.02421875 0.03828125
2 0.60234375 0.365625 0.02578125 0.0421875
2 0.4734375 0.41875 0.02421875 0.04140625
2 0.70859375 0.43359375 0.02265625 0.05078125
2 0.740625 0.32734375 0.02578125 0.053125
2 0.76015625 0.40078125 0.0359375 0.0625
2 0.778125 0.290625 0.03671875 0.0796875
2 0.12578125 0.02890625 0.01640625 0.0328125
2 0.19140625 0.09921875 0.01796875 0.0515625
2 0.15625 0.046875 0.02265625 0.04375
2 0.9015625 0.89140625 0.03203125 0.0765625