0 0.65390625 0.21875 0.0828125 0.08125
0 0.3171875 0.49375 0.0828125 0.06875
0 0.378125 0.446875 0.04453125 0.034375
0 0.46796875 0.4 0.046875 0.0890625
0 0.3265625 0.34296875 0.05703125 0.06015625
0 0.0953125 0.43359375 0.053125 0.0703125
0 0.13359375 0.265625 0.02578125 0.0359375
0 0.1953125 0.20703125 0.03359375 0.04609375
0 0.275 0.06953125 0.021875 0.06015625
0 0.3046875 0.059375 0.03671875 0.071875
0 0.04140625 0.5578125 0.03359375 0.04921875
0 0.02109375 0.5984375 0.0421875 0.0625
0 0.009375 0.64609375 0.01875 0.0546875
0 0.06015625 0.6625 0.02734375 0.0828125
0 0.03359375 0.67890625 0.02109375 0.040625
0 0.446875 0.6078125 0.14453125 0.11640625
0 0.39609375 0.33203125 0.0328125 0.078125
0 0.36953125 0.2640625 0.03828125 0.05859375
0 0.41796875 0.24375 0.03984375 0.065625
0 0.4625 0.19296875 0.04609375 0.06875
0 0.5171875 0.278125 0.03359375 0.0703125
0 0.603125 0.525 0.03046875 0.06953125
0 0.66328125 0.4859375 0.046875 0.06484375
0 0.678125 0.55078125 0.053125 0.0515625
0 0.74921875 0.64375 0.06171875 0.09609375
0 0.8 0.67578125 0.06015625 0.075
0 0.8828125 0.67421875 0.03515625 0.059375
0 0.85625 0.6640625 0.02578125 0.046875
0 0.74375 0.725 0.03203125 0.0421875
0 0.8046875 0.315625 0.04296875 0.0640625
0 0.91015625 0.37578125 0.04296875 0.07265625
0 0.82265625 0.24140625 0.0359375 0.071875
0 0.8140625 0.05390625 0.05234375 0.06796875
0 0.9171875 0.0515625 0.0296875 0.07265625
0 0.94375 0.91640625 0.05390625 0.0734375
0 0.853125 0.97265625 0.025 0.05
0 0.990625 0.79609375 0.01796875 0.06796875
0 0.909375 0.61953125 0.03125 0.04609375
0 0.178125 0.87421875 0.05234375 0.06328125
0 0.2265625 0.94765625 0.0421875 0.103125
0 0.3765625 0.07109375 0.0296875 0.03828125
0 0.41171875 0.065625 0.03046875 0.0453125
0 0.428125 0.10546875 0.0234375 0.04921875