2 0.296875 0.28359375 0.040625 0.034375
2 0.3234375 0.54375 0.03984375 0.08046875
2 0.4625 0.41484375 0.03984375 0.0765625
2 0.5140625 0.5671875 0.03828125 0.0734375
2 0.63203125 0.2265625 0.03203125 0.0625
2 0.69921875 0.203125 0.0375 0.0546875
2 0.69453125 0.27109375 0.028125 0.05234375
2 0.66875 0.31953125 0.04140625 0.09140625
2 0.58046875 0.64140625 0.04296875 0.05625
2 0.56953125 0.79765625 0.02890625 0.0609375
2 0.62421875 0.79296875 0.04375 0.05078125
2 0.65546875 0.925 0.04140625 0.05234375
2 0.88359375 0.56796875 0.04765625 0.040625
2 0.89765625 0.7109375 0.03671875 0.0671875
2 0.97109375 0.671875 0.05 0.05
2 0.93203125 0.79609375 0.05390625 0.06796875