2 0.34453125 0.11484375 0.0265625 0.05234375
2 0.34140625 0.34453125 0.04765625 0.06875
2 0.31640625 0.38984375 0.04296875 0.0609375
2 0.23359375 0.434375 0.0296875 0.0421875
2 0.23671875 0.61015625 0.040625 0.071875
2 0.41796875 0.8 0.03515625 0.05625
2 0.49609375 0.48046875 0.040625 0.075
2 0.61015625 0.34375 0.02421875 0.05546875
2 0.6703125 0.35078125 0.025 0.05625
2 0.72421875 0.35234375 0.0453125 0.06484375
2 0.63671875 0.29921875 0.04296875 0.07421875
2 0.6921875 0.30234375 0.0359375 0.05625