2 0.27421875 0.44453125 0.0296875 0.06796875
2 0.34453125 0.415625 0.0265625 0.0484375
2 0.471875 0.78046875 0.01484375 0.0328125
2 0.7671875 0.76875 0.0359375 0.071875
2 0.578125 0.78828125 0.0328125 0.0328125
2 0.56171875 0.7609375 0.0265625 0.03671875
2 0.50703125 0.70078125 0.01640625 0.04765625
2 0.2203125 0.7375 0.03671875 0.02890625
2 0.390625 0.484375 0.01953125 0.03984375
2 0.46015625 0.4328125 0.034375 0.053125
2 0.409375 0.5140625 0.02265625 0.028125
2 0.5328125 0.47109375 0.03046875 0.05546875
2 0.53359375 0.6546875 0.02109375 0.04375
2 0.54140625 0.7015625 0.028125 0.04375
2 0.32578125 0.70703125 0.01953125 0.0265625