2 0.228125 0.48046875 0.0328125 0.0421875
2 0.2109375 0.52734375 0.02890625 0.04609375
2 0.0609375 0.7515625 0.0234375 0.03203125
2 0.059375 0.8203125 0.0265625 0.04296875
2 0.07421875 0.93203125 0.03671875 0.04609375
2 0.07578125 0.27734375 0.02109375 0.03984375
2 0.28359375 0.5453125 0.0203125 0.03046875
2 0.4390625 0.34921875 0.0171875 0.0328125
2 0.55703125 0.409375 0.02265625 0.04140625
2 0.4359375 0.46875 0.02109375 0.03203125
2 0.415625 0.509375 0.0265625 0.0515625
2 0.45078125 0.51171875 0.02265625 0.046875
2 0.384375 0.525 0.0265625 0.0671875
2 0.34140625 0.5828125 0.02421875 0.04140625
2 0.31484375 0.61171875 0.02421875 0.03203125
2 0.44375 0.65390625 0.03359375 0.04765625
2 0.47109375 0.61171875 0.0421875 0.028125
2 0.534375 0.58046875 0.03828125 0.046875
2 0.521875 0.51875 0.025 0.040625
2 0.5703125 0.55 0.02890625 0.03359375
2 0.58828125 0.51875 0.034375 0.03359375
2 0.6203125 0.55859375 0.0203125 0.0265625
2 0.62734375 0.52890625 0.02578125 0.04609375
2 0.60859375 0.61484375 0.01484375 0.0265625
2 0.66015625 0.59765625 0.02421875 0.02265625
2 0.38828125 0.82578125 0.03046875 0.04375
2 0.6703125 0.5375 0.03828125 0.05390625
2 0.78125 0.97890625 0.0296875 0.0421875