2 0.2296875 0.62265625 0.0484375 0.08671875
2 0.271875 0.56796875 0.0421875 0.08125
2 0.328125 0.56640625 0.053125 0.07890625
2 0.15234375 0.79296875 0.040625 0.0421875
2 0.18515625 0.44453125 0.0171875 0.0484375
2 0.0546875 0.12734375 0.0234375 0.05390625
2 0.5703125 0.346875 0.0359375 0.09609375
2 0.615625 0.29765625 0.04921875 0.0703125
2 0.6125 0.20703125 0.05859375 0.11015625
2 0.67421875 0.26796875 0.0453125 0.0859375
2 0.67578125 0.43984375 0.0421875 0.0828125
2 0.71484375 0.40234375 0.0484375 0.08515625
2 0.77265625 0.3984375 0.03046875 0.09765625