2 0.48125 0.47890625 0.040625 0.04765625
2 0.44765625 0.5828125 0.0328125 0.0421875
2 0.06484375 0.63203125 0.0484375 0.0421875
2 0.60625 0.43125 0.0359375 0.0453125
2 0.54453125 0.5 0.03125 0.05625
2 0.44765625 0.57578125 0.0296875 0.05234375
2 0.59765625 0.58515625 0.0265625 0.04140625
2 0.69140625 0.41796875 0.03203125 0.04375
2 0.6984375 0.4859375 0.02578125 0.0375
2 0.7109375 0.32265625 0.02734375 0.04375
2 0.83125 0.2296875 0.02421875 0.053125
2 0.86484375 0.47109375 0.03359375 0.04765625
2 0.8984375 0.20703125 0.03203125 0.07578125
2 0.3390625 0.8625 0.0265625 0.0578125
2 0.56015625 0.96484375 0.0234375 0.0484375