2 0.5453125 0.44609375 0.0328125 0.04140625
2 0.62734375 0.53515625 0.02734375 0.0390625
2 0.665625 0.60234375 0.0328125 0.04140625
2 0.725 0.56171875 0.03203125 0.04921875
2 0.75546875 0.6234375 0.03828125 0.04375
2 0.70078125 0.67890625 0.025 0.04921875
2 0.4265625 0.134375 0.03125 0.04375
2 0.08984375 0.525 0.02890625 0.0328125
2 0.090625 0.48203125 0.03125 0.04453125
2 0.06875 0.77421875 0.0203125 0.03359375
2 0.3515625 0.03828125 0.01953125 0.03671875
2 0.56875 0.06015625 0.0265625 0.03203125
2 0.4375 0.06640625 0.028125 0.02890625
2 0.278125 0.10703125 0.02109375 0.028125
2 0.07578125 0.9578125 0.0171875 0.025
2 0.0796875 0.703125 0.025 0.0234375