2 0.27265625 0.3 0.02890625 0.0578125
2 0.265625 0.4625 0.0203125 0.0359375
2 0.39453125 0.50234375 0.0203125 0.0375
2 0.41875 0.490625 0.02734375 0.03359375
2 0.30390625 0.5578125 0.03046875 0.04765625
2 0.2375 0.5359375 0.025 0.03671875
2 0.228125 0.47578125 0.0203125 0.03984375
2 0.2046875 0.60625 0.02109375 0.034375
2 0.1734375 0.4703125 0.0109375 0.03671875
2 0.19765625 0.4234375 0.02578125 0.03671875
2 0.4328125 0.64609375 0.02890625 0.040625
2 0.4703125 0.71953125 0.01484375 0.0375
2 0.6046875 0.7453125 0.0234375 0.025
2 0.70234375 0.55703125 0.02421875 0.04609375
2 0.72734375 0.553125 0.0140625 0.0234375
2 0.63828125 0.3953125 0.015625 0.02265625
2 0.81796875 0.42890625 0.0140625 0.025
2 0.78984375 0.571875 0.02421875 0.05625
2 0.84921875 0.58203125 0.034375 0.05625
2 0.43359375 0.3828125 0.01171875 0.02890625
2 0.33359375 0.453125 0.0203125 0.0203125
2 0.23359375 0.31484375 0.01875 0.03125