2 0.17890625 0.5328125 0.0375 0.06171875
2 0.16796875 0.59140625 0.0359375 0.05546875
2 0.43203125 0.32890625 0.03125 0.07109375
2 0.25390625 0.58828125 0.02578125 0.05390625
2 0.3 0.6546875 0.03671875 0.0375
2 0.33515625 0.61875 0.03515625 0.04140625
2 0.390625 0.54296875 0.03671875 0.05625
2 0.434375 0.52109375 0.03359375 0.05234375
2 0.6203125 0.54921875 0.0328125 0.03125
2 0.6984375 0.60390625 0.0171875 0.0265625
2 0.4953125 0.94921875 0.03515625 0.03984375
2 0.47421875 0.67734375 0.0390625 0.03828125
2 0.51640625 0.63125 0.03515625 0.03984375
2 0.59921875 0.5796875 0.03125 0.0421875
2 0.5921875 0.51953125 0.0234375 0.059375
2 0.6375 0.38515625 0.02421875 0.05234375
2 0.6859375 0.50625 0.02734375 0.0390625
2 0.65546875 0.54453125 0.02578125 0.04453125
2 0.7390625 0.55 0.0328125 0.028125
2 0.74609375 0.5078125 0.034375 0.05390625
2 0.7765625 0.57578125 0.0359375 0.03515625
2 0.80625 0.5015625 0.02109375 0.0328125
2 0.828125 0.53046875 0.02421875 0.04375
2 0.48125 0.51796875 0.0328125 0.059375