2 0.375 0.228125 0.02265625 0.04296875
2 0.4265625 0.1859375 0.01953125 0.03984375
2 0.46171875 0.1578125 0.01953125 0.0359375
2 0.48515625 0.15625 0.01484375 0.028125
2 0.45546875 0.246875 0.015625 0.0296875
2 0.44921875 0.3078125 0.025 0.02734375
2 0.49921875 0.33125 0.0171875 0.03359375
2 0.54140625 0.25 0.01484375 0.0421875
2 0.57265625 0.31640625 0.01328125 0.03125
2 0.5015625 0.5671875 0.0140625 0.0234375
2 0.5328125 0.565625 0.02734375 0.02734375
2 0.36640625 0.5171875 0.01484375 0.02734375
2 0.32109375 0.55078125 0.0203125 0.02734375
2 0.2953125 0.5546875 0.0078125 0.0171875
2 0.24453125 0.55625 0.01796875 0.025
2 0.26171875 0.59453125 0.02421875 0.0203125
2 0.20859375 0.5109375 0.01953125 0.03515625
2 0.19453125 0.3609375 0.0234375 0.0421875
2 0.4015625 0.578125 0.0140625 0.03203125
2 0.41796875 0.5640625 0.01953125 0.025
2 0.38984375 0.66015625 0.021875 0.0234375
2 0.4515625 0.67578125 0.028125 0.02578125