2 0.4140625 0.34765625 0.02734375 0.03984375
2 0.196875 0.54609375 0.028125 0.03671875
2 0.1453125 0.52734375 0.02890625 0.03828125
2 0.11484375 0.53828125 0.02421875 0.040625
2 0.5046875 0.246875 0.0359375 0.07265625
2 0.5421875 0.31640625 0.0359375 0.06640625
2 0.51484375 0.42421875 0.03671875 0.08125
2 0.45234375 0.565625 0.0515625 0.0453125
2 0.56015625 0.5328125 0.0328125 0.04921875
2 0.55234375 0.5859375 0.0453125 0.03984375
2 0.61015625 0.3671875 0.028125 0.06953125
2 0.68515625 0.39140625 0.0421875 0.05390625
2 0.64375 0.5328125 0.0265625 0.059375
2 0.6828125 0.55 0.040625 0.06484375
2 0.2734375 0.4421875 0.03125 0.0765625