2 0.3234375 0.375 0.02421875 0.059375
2 0.34765625 0.36015625 0.025 0.05234375
2 0.203125 0.55078125 0.03046875 0.02734375
2 0.2984375 0.52421875 0.0515625 0.04765625
2 0.48125 0.40546875 0.0203125 0.053125
2 0.3953125 0.3390625 0.01796875 0.04140625
2 0.6296875 0.3546875 0.034375 0.06875
2 0.61640625 0.46171875 0.034375 0.0625
2 0.79140625 0.55703125 0.02578125 0.03828125
2 0.91171875 0.31796875 0.02578125 0.03984375
2 0.74375 0.6078125 0.02421875 0.0578125
2 0.51796875 0.49609375 0.0296875 0.0390625
2 0.02109375 0.1 0.02890625 0.04296875
2 0.31328125 0.09140625 0.0203125 0.0296875