2 0.4453125 0.340625 0.0328125 0.07421875
2 0.2578125 0.46328125 0.03671875 0.06640625
2 0.296875 0.5359375 0.0328125 0.05703125
2 0.24765625 0.57578125 0.0390625 0.0671875
2 0.1953125 0.5765625 0.03515625 0.0625
2 0.18515625 0.646875 0.040625 0.07890625
2 0.35078125 0.6890625 0.03671875 0.06796875
2 0.38671875 0.5609375 0.04609375 0.08125
2 0.44453125 0.56484375 0.0390625 0.06953125
2 0.415625 0.68046875 0.03359375 0.065625
2 0.503125 0.640625 0.0390625 0.0625
2 0.4984375 0.44765625 0.05546875 0.10859375
2 0.640625 0.54140625 0.03828125 0.090625
2 0.66953125 0.67890625 0.046875 0.0875
2 0.7015625 0.6734375 0.04609375 0.0609375
2 0.72421875 0.575 0.0515625 0.06484375
2 0.78125 0.534375 0.03203125 0.0765625
2 0.80703125 0.646875 0.04375 0.046875
2 0.7546875 0.66640625 0.03359375 0.06171875
2 0.21328125 0.896875 0.03828125 0.0734375
2 0.34765625 0.38125 0.040625 0.0625
2 0.95 0.36953125 0.05078125 0.0546875
2 0.92421875 0.48359375 0.03515625 0.053125
2 0.9625 0.44765625 0.0546875 0.0671875