2 0.41484375 0.40078125 0.03828125 0.07265625
2 0.46171875 0.38828125 0.0265625 0.05078125
2 0.4890625 0.4453125 0.0375 0.07421875
2 0.5078125 0.4015625 0.04921875 0.04765625
2 0.3 0.3828125 0.0328125 0.0421875
2 0.46953125 0.68046875 0.0375 0.059375
2 0.47734375 0.63671875 0.03671875 0.0609375
2 0.5015625 0.7234375 0.02109375 0.03203125
2 0.56328125 0.640625 0.02265625 0.05703125
2 0.57578125 0.503125 0.03359375 0.05625
2 0.6328125 0.3984375 0.03515625 0.06328125
2 0.43984375 0.6953125 0.02265625 0.034375
2 0.02421875 0.62421875 0.03046875 0.0359375