2 0.54453125 0.321875 0.05546875 0.07578125
2 0.32734375 0.24609375 0.0421875 0.0859375
2 0.153125 0.36328125 0.04140625 0.05546875
2 0.15390625 0.41171875 0.0328125 0.04609375
2 0.196875 0.45390625 0.02578125 0.0640625
2 0.21796875 0.5140625 0.03671875 0.0625
2 0.24765625 0.4875 0.0359375 0.04140625
2 0.49609375 0.50078125 0.0375 0.03984375
2 0.30078125 0.440625 0.03046875 0.06484375
2 0.3421875 0.43125 0.03515625 0.08125
2 0.37890625 0.43046875 0.034375 0.078125
2 0.365625 0.5671875 0.053125 0.03984375
2 0.31875 0.60390625 0.06875 0.06328125
2 0.459375 0.52421875 0.03203125 0.06640625
2 0.53046875 0.596875 0.0203125 0.0375
2 0.5375 0.503125 0.02578125 0.053125
2 0.57734375 0.47265625 0.034375 0.07734375
2 0.4796875 0.45078125 0.03125 0.06015625
2 0.37109375 0.37578125 0.021875 0.046875
2 0.6203125 0.58359375 0.0359375 0.0328125
2 0.61875 0.52109375 0.03203125 0.059375
2 0.6578125 0.48046875 0.0328125 0.05078125
2 0.734375 0.48125 0.03984375 0.04296875
2 0.74609375 0.5203125 0.03203125 0.0546875