2 0.209375 0.32421875 0.03046875 0.046875
2 0.284375 0.325 0.040625 0.07265625
2 0.3140625 0.39296875 0.02421875 0.03984375
2 0.35234375 0.37265625 0.04453125 0.09609375
2 0.315625 0.309375 0.01171875 0.0375
2 0.49296875 0.44375 0.03828125 0.05078125
2 0.5125 0.30234375 0.028125 0.03671875
2 0.55625 0.51796875 0.05859375 0.10078125
2 0.6125 0.64921875 0.0203125 0.05234375
2 0.59140625 0.75078125 0.01953125 0.05
2 0.653125 0.6109375 0.0359375 0.059375
2 0.70078125 0.509375 0.02734375 0.0515625
2 0.69765625 0.66875 0.03125 0.0765625
2 0.71875 0.58125 0.0375 0.0484375
2 0.73828125 0.67890625 0.05078125 0.13828125