2 0.51640625 0.41484375 0.0265625 0.0375
2 0.478125 0.34375 0.03046875 0.04296875
2 0.3390625 0.36015625 0.0203125 0.04140625
2 0.5859375 0.34609375 0.025 0.0421875
2 0.72265625 0.3515625 0.03203125 0.03828125
2 0.721875 0.4390625 0.0265625 0.03671875
2 0.628125 0.503125 0.02421875 0.0375
2 0.50078125 0.54609375 0.01796875 0.02578125
2 0.51484375 0.5703125 0.01875 0.02734375
2 0.553125 0.5796875 0.01640625 0.03046875
2 0.36015625 0.59453125 0.01640625 0.0390625
2 0.78046875 0.60859375 0.03125 0.03359375
2 0.78203125 0.64609375 0.03828125 0.0375
2 0.59140625 0.609375 0.02578125 0.04453125
2 0.4109375 0.54453125 0.0203125 0.028125
2 0.42578125 0.56796875 0.025 0.021875
2 0.3265625 0.43828125 0.0234375 0.021875
2 0.315625 0.46484375 0.02734375 0.028125
2 0.25859375 0.53046875 0.02109375 0.03359375
2 0.478125 0.26328125 0.02421875 0.028125
2 0.653125 0.81953125 0.0234375 0.05625
2 0.5546875 0.6109375 0.01328125 0.0234375
2 0.5828125 0.63515625 0.0203125 0.02734375
2 0.62890625 0.5296875 0.028125 0.03203125
2 0.50234375 0.59375 0.01171875 0.0203125
2 0.3609375 0.5140625 0.015625 0.01796875
2 0.36953125 0.378125 0.0125 0.021875
2 0.27734375 0.5984375 0.01640625 0.0125
2 0.209375 0.57421875 0.01640625 0.015625
2 0.25234375 0.3390625 0.01328125 0.0140625
2 0.64609375 0.7125 0.02265625 0.0265625
2 0.15859375 0.57265625 0.01640625 0.03125
2 0.8875 0.53046875 0.02109375 0.03828125