2 0.43046875 0.06875 0.02109375 0.0453125
2 0.4046875 0.27890625 0.01875 0.04453125
2 0.5484375 0.153125 0.02890625 0.04140625
2 0.47109375 0.371875 0.0234375 0.03203125
2 0.52578125 0.36171875 0.0234375 0.0359375
2 0.39765625 0.425 0.02890625 0.025
2 0.27734375 0.365625 0.0265625 0.0265625
2 0.27109375 0.453125 0.0203125 0.03359375
2 0.34140625 0.5609375 0.0140625 0.03359375
2 0.41171875 0.63046875 0.01484375 0.0265625
2 0.49453125 0.59296875 0.01953125 0.03046875
2 0.16953125 0.67421875 0.02109375 0.0390625
2 0.478125 0.23125 0.01796875 0.0375
2 0.18203125 0.4578125 0.01484375 0.021875