2 0.51953125 0.4234375 0.07421875 0.103125
2 0.48828125 0.26484375 0.04765625 0.06484375
2 0.1171875 0.6078125 0.05 0.08984375
2 0.23125 0.5609375 0.06484375 0.06171875
2 0.65703125 0.07265625 0.0859375 0.10546875
2 0.8984375 0.0953125 0.078125 0.07109375
2 0.9390625 0.18125 0.059375 0.1078125
2 0.47421875 0.68359375 0.07109375 0.1015625
2 0.65625 0.73046875 0.0515625 0.10859375
2 0.815625 0.68203125 0.0359375 0.04765625
2 0.7265625 0.64921875 0.04296875 0.05703125
2 0.90234375 0.53984375 0.0515625 0.0640625