2 0.4234375 0.5109375 0.0375 0.075
2 0.4609375 0.54296875 0.0296875 0.0453125
2 0.46328125 0.4234375 0.0234375 0.02890625
2 0.49921875 0.4625 0.02578125 0.04375
2 0.578125 0.56171875 0.0359375 0.0453125
2 0.540625 0.61171875 0.0265625 0.0421875
2 0.5546875 0.7359375 0.01796875 0.0328125
2 0.66953125 0.66875 0.03203125 0.03828125
0 0.90625 0.5625 0.025 0.0515625
0 0.26171875 0.67109375 0.0390625 0.05625
2 0.0515625 0.7 0.03984375 0.0296875
2 0.15859375 0.221875 0.02421875 0.06171875
2 0.0484375 0.27578125 0.028125 0.034375
2 0.078125 0.06484375 0.05625 0.05
2 0.534375 0.0390625 0.03984375 0.04296875
2 0.70390625 0.05859375 0.0234375 0.0390625
2 0.6515625 0.128125 0.040625 0.046875