2 0.3109375 0.03671875 0.0296875 0.07265625
2 0.43515625 0.3578125 0.03671875 0.05078125
2 0.47265625 0.49765625 0.05 0.05625
2 0.51796875 0.46953125 0.03984375 0.04375
2 0.621875 0.34296875 0.0546875 0.06015625
2 0.91484375 0.3296875 0.0453125 0.04375
2 0.6921875 0.53984375 0.04921875 0.06875
2 0.70859375 0.646875 0.059375 0.06640625
2 0.82109375 0.58203125 0.03671875 0.1125
2 0.86484375 0.57734375 0.04453125 0.0765625
2 0.8640625 0.64609375 0.05 0.08515625
2 0.96796875 0.59765625 0.028125 0.08125
2 0.80859375 0.74375 0.04609375 0.0765625
2 0.53203125 0.64765625 0.025 0.04453125