2 0.28125 0.228125 0.04609375 0.12265625
2 0.175 0.2171875 0.05234375 0.096875
2 0.36796875 0.25234375 0.04609375 0.06953125
2 0.44609375 0.31796875 0.04140625 0.0484375
2 0.40859375 0.22734375 0.025 0.0625
2 0.315625 0.68125 0.03828125 0.05234375
2 0.34921875 0.71953125 0.04140625 0.0671875
2 0.2140625 0.69609375 0.04453125 0.059375
2 0.590625 0.2578125 0.03828125 0.0359375
2 0.62265625 0.36015625 0.03125 0.05
2 0.60703125 0.47578125 0.02578125 0.09140625
2 0.821875 0.40703125 0.05390625 0.06015625
2 0.79609375 0.43046875 0.02890625 0.0390625