2 0.17890625 0.49609375 0.03203125 0.06328125
2 0.17578125 0.5453125 0.03984375 0.04296875
2 0.3609375 0.26796875 0.02734375 0.05625
2 0.3796875 0.4609375 0.0234375 0.0609375
2 0.240625 0.63671875 0.025 0.0796875
2 0.26640625 0.75234375 0.03671875 0.06328125
2 0.35234375 0.675 0.0234375 0.034375
2 0.434375 0.70859375 0.03359375 0.03359375
2 0.47578125 0.50625 0.0265625 0.03515625
2 0.47890625 0.60234375 0.0234375 0.0421875
2 0.5140625 0.51015625 0.034375 0.04609375
2 0.57109375 0.49609375 0.03671875 0.04921875