2 0.0453125 0.83046875 0.0671875 0.096875
2 0.01953125 0.89609375 0.0390625 0.0828125
2 0.046875 0.715625 0.0640625 0.06171875
2 0.0328125 0.60859375 0.0234375 0.053125
2 0.28125 0.4796875 0.05390625 0.09921875
2 0.1546875 0.59453125 0.084375 0.084375
2 0.19375 0.66015625 0.05859375 0.05390625
2 0.15234375 0.64609375 0.02734375 0.040625
2 0.3625 0.48359375 0.05 0.04453125
2 0.334375 0.37421875 0.053125 0.0640625
2 0.321875 0.30234375 0.040625 0.05234375
2 0.4328125 0.425 0.06796875 0.0921875
2 0.48671875 0.30390625 0.05546875 0.06484375
2 0.61328125 0.37109375 0.040625 0.0515625
2 0.60546875 0.44296875 0.04765625 0.0640625
2 0.64609375 0.4078125 0.0265625 0.084375
2 0.57890625 0.52890625 0.06015625 0.0765625
2 0.67890625 0.46328125 0.0359375 0.0859375
2 0.70546875 0.57109375 0.05 0.0765625
2 0.7390625 0.34296875 0.0546875 0.0796875
2 0.91328125 0.43828125 0.0546875 0.0546875
2 0.8453125 0.559375 0.0359375 0.06171875
2 0.8859375 0.6609375 0.0390625 0.04140625