2 0.14140625 0.40859375 0.0375 0.06328125
2 0.2734375 0.58203125 0.04453125 0.08359375
2 0.40234375 0.7640625 0.0328125 0.07109375
2 0.6375 0.5609375 0.04140625 0.05546875
2 0.65390625 0.44453125 0.03203125 0.07265625
2 0.70234375 0.45234375 0.028125 0.078125
2 0.76484375 0.49609375 0.040625 0.06875
2 0.74921875 0.38125 0.0203125 0.078125
2 0.76640625 0.40625 0.0109375 0.06796875
2 0.815625 0.34140625 0.03515625 0.08046875
2 0.8703125 0.384375 0.04375 0.071875
2 0.89921875 0.0546875 0.046875 0.0640625