2 0.278125 0.40859375 0.04453125 0.05859375
2 0.16796875 0.40859375 0.0484375 0.03046875
2 0.14140625 0.55546875 0.0234375 0.0453125
2 0.25234375 0.6234375 0.0421875 0.05
2 0.34140625 0.58671875 0.0625 0.03984375
2 0.43984375 0.32890625 0.04296875 0.04140625
2 0.50390625 0.3796875 0.034375 0.06953125
2 0.421875 0.6140625 0.0328125 0.084375
2 0.3671875 0.6515625 0.040625 0.04140625
2 0.6140625 0.70859375 0.04296875 0.03984375
2 0.76015625 0.546875 0.04765625 0.04296875
2 0.475 0.30390625 0.01875 0.06015625