2 0.33125 0.36171875 0.03515625 0.04453125
2 0.36015625 0.39296875 0.02109375 0.0515625
2 0.47421875 0.421875 0.03984375 0.06640625
2 0.54296875 0.3 0.0359375 0.046875
2 0.3484375 0.540625 0.03515625 0.040625
2 0.33046875 0.58671875 0.04296875 0.04765625
2 0.13359375 0.44453125 0.03671875 0.06796875
2 0.20546875 0.4640625 0.034375 0.04140625
2 0.4953125 0.57421875 0.05 0.0671875
2 0.596875 0.55 0.04296875 0.07421875
2 0.634375 0.584375 0.0296875 0.04453125
2 0.65546875 0.63984375 0.04453125 0.04375
2 0.4953125 0.64765625 0.03046875 0.034375