2 0.11640625 0.27421875 0.03359375 0.04921875
2 0.33359375 0.115625 0.0390625 0.0546875
2 0.565625 0.0265625 0.07890625 0.053125
2 0.45859375 0.1453125 0.06328125 0.065625
2 0.39453125 0.371875 0.04296875 0.0734375
2 0.27578125 0.5078125 0.04140625 0.03984375
2 0.4546875 0.60625 0.0328125 0.06484375
2 0.43828125 0.34765625 0.02890625 0.03984375
2 0.459375 0.33046875 0.03515625 0.0390625
2 0.56875 0.4 0.0328125 0.0671875
2 0.60390625 0.56640625 0.03828125 0.04765625
2 0.57890625 0.61484375 0.03046875 0.03671875
2 0.65859375 0.578125 0.02734375 0.065625
2 0.625 0.40546875 0.03203125 0.053125
2 0.58828125 0.3359375 0.02734375 0.040625
2 0.40234375 0.7765625 0.025 0.02890625
2 0.5984375 0.69375 0.028125 0.0546875
2 0.646875 0.659375 0.040625 0.04921875