2 0.246875 0.25546875 0.05 0.05625
2 0.3734375 0.3609375 0.040625 0.07578125
2 0.55703125 0.43671875 0.05859375 0.08046875
2 0.68046875 0.43125 0.0484375 0.07109375
2 0.43359375 0.5859375 0.05859375 0.10625
2 0.30859375 0.7734375 0.040625 0.07109375
2 0.4734375 0.83046875 0.04375 0.0578125
2 0.61640625 0.72734375 0.03125 0.071875
2 0.64609375 0.72578125 0.0390625 0.103125
2 0.66953125 0.6046875 0.0453125 0.0640625
2 0.7328125 0.70546875 0.04609375 0.0578125
2 0.86796875 0.66640625 0.0390625 0.07890625
2 0.64609375 0.828125 0.0375 0.05390625
0 0.41328125 0.7734375 0.0515625 0.090625
0 0.56484375 0.69140625 0.04140625 0.0671875