2 0.31796875 0.2578125 0.05 0.05078125
2 0.3125 0.3859375 0.0421875 0.05703125
2 0.23671875 0.15859375 0.0359375 0.06640625
2 0.35859375 0.08515625 0.04921875 0.0453125
2 0.4875 0.36875 0.040625 0.06328125
2 0.58203125 0.4328125 0.04375 0.0921875
2 0.571875 0.575 0.0578125 0.06328125
2 0.55078125 0.65078125 0.0484375 0.08671875
2 0.47890625 0.721875 0.0484375 0.04140625
2 0.3265625 0.59453125 0.0375 0.084375
2 0.2328125 0.509375 0.03515625 0.0359375
2 0.1625 0.2765625 0.040625 0.025
2 0.2578125 0.028125 0.0171875 0.03515625
2 0.72109375 0.4796875 0.03203125 0.06484375