2 0.2515625 0.31328125 0.03125 0.0390625
2 0.28046875 0.28359375 0.04140625 0.05859375
2 0.31875 0.3859375 0.040625 0.05703125
2 0.10078125 0.53984375 0.04140625 0.06875
2 0.3625 0.23046875 0.05703125 0.059375
2 0.44921875 0.26953125 0.0453125 0.0984375
2 0.50625 0.33203125 0.02265625 0.05234375
2 0.52578125 0.15 0.025 0.0640625
2 0.56484375 0.21640625 0.065625 0.05703125
2 0.71328125 0.19296875 0.053125 0.071875
2 0.7390625 0.4171875 0.04609375 0.08359375
2 0.48203125 0.56328125 0.03515625 0.0609375
2 0.50625 0.615625 0.05 0.059375
2 0.5421875 0.5765625 0.03203125 0.07421875
2 0.865625 0.64140625 0.05703125 0.06953125
2 0.75234375 0.51640625 0.0265625 0.06953125