2 0.59453125 0.3765625 0.06171875 0.06796875
2 0.66484375 0.41796875 0.02421875 0.0734375
2 0.2421875 0.4125 0.05625 0.0625
2 0.0828125 0.48125 0.06015625 0.0625
2 0.3046875 0.57734375 0.03828125 0.06484375
2 0.36015625 0.62265625 0.02578125 0.0453125
2 0.38828125 0.653125 0.03828125 0.0828125
2 0.60703125 0.6125 0.05078125 0.0765625
2 0.56171875 0.74453125 0.0390625 0.08125
2 0.70859375 0.7921875 0.0453125 0.08359375
2 0.05703125 0.39140625 0.03828125 0.078125
2 0.60703125 0.7671875 0.040625 0.06875