2 0.60859375 0.4609375 0.0453125 0.05625
2 0.58359375 0.5234375 0.0390625 0.0578125
2 0.65703125 0.45546875 0.04296875 0.04921875
2 0.70078125 0.4359375 0.04921875 0.040625
2 0.5375 0.38203125 0.04375 0.07421875
2 0.29921875 0.36875 0.0359375 0.0625
2 0.41328125 0.32890625 0.03984375 0.05625
2 0.48046875 0.3640625 0.03984375 0.075
2 0.278125 0.66875 0.05078125 0.0359375
2 0.18671875 0.67109375 0.04375 0.05546875
0 0.3140625 0.61796875 0.07578125 0.0765625
0 0.27421875 0.52265625 0.05 0.05234375
0 0.08984375 0.5015625 0.07578125 0.05078125
0 0.25 0.73828125 0.04453125 0.084375
0 0.3171875 0.73515625 0.0625 0.084375
0 0.07265625 0.45546875 0.0296875 0.053125
0 0.10625 0.45390625 0.0296875 0.034375