2 0.22421875 0.43828125 0.05 0.08046875
2 0.365625 0.5140625 0.04375 0.08515625
2 0.396875 0.45859375 0.03984375 0.0609375
2 0.3328125 0.40859375 0.05390625 0.15234375
2 0.45390625 0.42890625 0.04453125 0.1
2 0.3984375 0.33359375 0.02734375 0.06015625
2 0.57734375 0.30546875 0.03828125 0.07265625
2 0.6390625 0.3328125 0.03046875 0.1125
2 0.46796875 0.24453125 0.05703125 0.05859375
2 0.42421875 0.28203125 0.04609375 0.0546875
2 0.375 0.27109375 0.05 0.071875
2 0.61875 0.2234375 0.065625 0.0546875
2 0.54375 0.34765625 0.015625 0.04453125
2 0.7296875 0.24375 0.028125 0.0640625