2 0.4828125 0.259375 0.03359375 0.04453125
2 0.4765625 0.34453125 0.03203125 0.03828125
2 0.3359375 0.42265625 0.04296875 0.03828125
2 0.32578125 0.5109375 0.03671875 0.04921875
2 0.19296875 0.44296875 0.0296875 0.04453125
2 0.29765625 0.63828125 0.046875 0.075
2 0.2953125 0.7328125 0.04296875 0.08203125
2 0.48671875 0.61015625 0.03203125 0.05703125
2 0.4921875 0.6953125 0.03671875 0.0515625
2 0.50703125 0.471875 0.03046875 0.0640625
2 0.590625 0.5640625 0.03828125 0.06328125
2 0.6078125 0.6734375 0.0375 0.05625
2 0.61953125 0.51484375 0.034375 0.05234375
2 0.6890625 0.50234375 0.0296875 0.046875
2 0.740625 0.69375 0.028125 0.0734375
2 0.62890625 0.71640625 0.0296875 0.025
2 0.709375 0.453125 0.028125 0.0359375
2 0.815625 0.61015625 0.0421875 0.0375