2 0.459375 0.25859375 0.0640625 0.059375
2 0.4828125 0.178125 0.04296875 0.0625
2 0.65546875 0.221875 0.03359375 0.0515625
2 0.615625 0.4 0.03203125 0.0703125
2 0.4625 0.53984375 0.04296875 0.05703125
2 0.31484375 0.70546875 0.05078125 0.04453125
2 0.184375 0.5984375 0.0375 0.04921875
2 0.34765625 0.28515625 0.0328125 0.0421875
2 0.34765625 0.3234375 0.03359375 0.03984375
2 0.41796875 0.44921875 0.03046875 0.05546875
2 0.51953125 0.1296875 0.028125 0.05390625
2 0.7171875 0.46328125 0.0296875 0.028125
2 0.26015625 0.53203125 0.03359375 0.05546875
0 0.39609375 0.26640625 0.03671875 0.07734375
0 0.52421875 0.178125 0.0359375 0.04296875
0 0.75625 0.27578125 0.034375 0.0546875
0 0.73984375 0.22578125 0.0296875 0.040625
0 0.315625 0.453125 0.02578125 0.0359375
0 0.7703125 0.62109375 0.04921875 0.05
0 0.728125 0.50078125 0.03828125 0.03984375
0 0.66015625 0.52109375 0.04609375 0.07890625
0 0.78984375 0.5828125 0.0421875 0.05625
0 0.79609375 0.8109375 0.05234375 0.06328125
0 0.84296875 0.5046875 0.0390625 0.065625