2 0.61328125 0.42734375 0.02734375 0.04765625
2 0.48359375 0.5953125 0.0359375 0.05390625
2 0.4234375 0.61640625 0.0234375 0.034375
2 0.4640625 0.6546875 0.02890625 0.0375
2 0.6390625 0.365625 0.03203125 0.03828125
2 0.64765625 0.48984375 0.028125 0.0453125
2 0.7421875 0.47890625 0.04609375 0.05234375
2 0.8078125 0.43125 0.0203125 0.05625
2 0.7703125 0.54921875 0.04609375 0.03203125
2 0.17890625 0.57578125 0.0375 0.0484375
2 0.04609375 0.6859375 0.040625 0.0453125
2 0.13046875 0.69609375 0.040625 0.03203125