2 0.49609375 0.39921875 0.0859375 0.12734375
2 0.4234375 0.48046875 0.040625 0.09921875
2 0.45390625 0.5609375 0.04296875 0.05546875
2 0.2125 0.77265625 0.05390625 0.0390625
2 0.49296875 0.28046875 0.04296875 0.05078125
2 0.65546875 0.30625 0.053125 0.08125
2 0.84609375 0.15546875 0.046875 0.07890625
2 0.709375 0.565625 0.06640625 0.07890625
2 0.6421875 0.621875 0.07265625 0.0625
2 0.64921875 0.6890625 0.06640625 0.06015625
2 0.66875 0.75390625 0.05234375 0.05
2 0.68203125 0.79921875 0.04765625 0.04375
2 0.7328125 0.71640625 0.034375 0.07265625
2 0.77109375 0.746875 0.0453125 0.08515625
2 0.8796875 0.27109375 0.0265625 0.05703125
2 0.2203125 0.14375 0.0546875 0.08515625