2 0.3640625 0.3734375 0.04375 0.07890625
2 0.26953125 0.34140625 0.0359375 0.04375
2 0.26953125 0.4765625 0.04296875 0.08359375
2 0.13359375 0.60390625 0.05078125 0.06328125
2 0.265625 0.70078125 0.05625 0.06015625
2 0.240625 0.75859375 0.0484375 0.04765625
2 0.32421875 0.8375 0.03671875 0.05859375
2 0.38046875 0.87109375 0.03984375 0.09375
2 0.63203125 0.7578125 0.0546875 0.06015625
2 0.6984375 0.66796875 0.04375 0.05625
2 0.7359375 0.73125 0.03046875 0.065625
2 0.73828125 0.6453125 0.03515625 0.0703125