2 0.55546875 0.53359375 0.0625 0.084375
2 0.6703125 0.5625 0.07265625 0.07265625
2 0.76015625 0.3796875 0.053125 0.07265625
2 0.24375 0.5765625 0.015625 0.0359375
2 0.26640625 0.6140625 0.0125 0.03671875
2 0.2796875 0.62421875 0.02265625 0.0453125
2 0.26640625 0.66875 0.02265625 0.021875
2 0.24296875 0.67109375 0.0296875 0.025
2 0.23046875 0.74765625 0.025 0.0515625
2 0.28125 0.76328125 0.028125 0.04921875
2 0.2671875 0.80234375 0.03046875 0.05546875
2 0.2265625 0.83515625 0.02734375 0.0578125
2 0.16171875 0.66171875 0.0109375 0.04765625
2 0.38828125 0.90078125 0.03359375 0.04609375
2 0.6078125 0.959375 0.05859375 0.04609375
2 0.72578125 0.88359375 0.0421875 0.05625
2 0.71953125 0.96953125 0.03828125 0.04375
2 0.77421875 0.97265625 0.0421875 0.0546875
2 0.87734375 0.9703125 0.0453125 0.0453125