2 0.509375 0.3421875 0.02734375 0.05703125
2 0.41328125 0.3734375 0.0203125 0.046875
2 0.5328125 0.46171875 0.02421875 0.03671875
2 0.53828125 0.4265625 0.0265625 0.04609375
2 0.5671875 0.41171875 0.02578125 0.05
2 0.6859375 0.20625 0.0109375 0.07109375
2 0.71875 0.1265625 0.0265625 0.0515625
2 0.80625 0.3609375 0.025 0.04296875
2 0.7859375 0.4828125 0.0234375 0.03515625
2 0.778125 0.5203125 0.0359375 0.04140625
2 0.79296875 0.59609375 0.03828125 0.03515625
2 0.4890625 0.69765625 0.0359375 0.03125
2 0.559375 0.72890625 0.01953125 0.0484375
2 0.3140625 0.53984375 0.025 0.05390625
2 0.2671875 0.52265625 0.03125 0.04140625
2 0.2859375 0.4171875 0.02421875 0.046875
2 0.125 0.5671875 0.0390625 0.04921875
2 0.37265625 0.67578125 0.0359375 0.021875