2 0.26015625 0.7703125 0.03671875 0.04921875
2 0.3765625 0.61796875 0.04375 0.040625
2 0.28125 0.46640625 0.028125 0.0390625
2 0.19765625 0.409375 0.0390625 0.0390625
2 0.378125 0.4671875 0.03359375 0.04921875
2 0.425 0.79375 0.03203125 0.0375
2 0.49296875 0.74921875 0.06171875 0.0515625
2 0.534375 0.49453125 0.028125 0.0796875
2 0.55546875 0.5953125 0.0265625 0.05703125
2 0.61796875 0.55859375 0.03828125 0.0421875
2 0.5921875 0.30546875 0.02734375 0.0453125
2 0.7703125 0.26171875 0.03203125 0.0390625
2 0.75078125 0.4296875 0.02421875 0.05703125
2 0.678125 0.578125 0.02734375 0.0453125