2 0.2140625 0.33359375 0.028125 0.05078125
2 0.24921875 0.31015625 0.02734375 0.04140625
2 0.2609375 0.38515625 0.03046875 0.0359375
2 0.08359375 0.52109375 0.02734375 0.07890625
2 0.45625 0.53515625 0.03515625 0.07265625
2 0.49609375 0.40546875 0.025 0.0375
2 0.628125 0.3796875 0.0234375 0.05078125
2 0.5453125 0.6203125 0.03515625 0.0390625
2 0.60078125 0.559375 0.03671875 0.03984375
2 0.73984375 0.5375 0.0140625 0.0375
2 0.7515625 0.5765625 0.01796875 0.03046875
2 0.75234375 0.690625 0.0140625 0.03125