2 0.5 0.48203125 0.0671875 0.10703125
2 0.41796875 0.50234375 0.059375 0.10546875
2 0.3390625 0.5421875 0.04765625 0.08671875
2 0.28125 0.603125 0.0484375 0.0625
2 0.24921875 0.659375 0.05546875 0.07265625
2 0.36796875 0.69921875 0.06953125 0.071875
2 0.70546875 0.6453125 0.03984375 0.0625
2 0.8203125 0.825 0.04140625 0.06328125
2 0.37734375 0.5875 0.02734375 0.03828125
2 0.1984375 0.49453125 0.06640625 0.1125
2 0.590625 0.653125 0.0265625 0.04921875
0 0.56796875 0.61171875 0.04609375 0.0671875
0 0.4875 0.596875 0.05546875 0.08828125