2 0.7078125 0.25078125 0.046875 0.0703125
2 0.74765625 0.259375 0.0359375 0.0640625
2 0.67265625 0.45 0.06484375 0.09296875
2 0.71640625 0.55859375 0.04921875 0.0671875
2 0.890625 0.42890625 0.0421875 0.05
2 0.81484375 0.63515625 0.05078125 0.08671875
2 0.5265625 0.721875 0.059375 0.05625
2 0.53671875 0.53671875 0.053125 0.05625
2 0.4234375 0.6640625 0.04921875 0.08671875
2 0.28984375 0.66015625 0.0390625 0.0953125
2 0.3375 0.73515625 0.05703125 0.059375
2 0.36796875 0.81953125 0.03984375 0.05625
2 0.46953125 0.8640625 0.0625 0.06640625
2 0.14296875 0.625 0.03828125 0.0625
2 0.16484375 0.53984375 0.04921875 0.0578125
2 0.44609375 0.78671875 0.0328125 0.07265625