2 0.2828125 0.31875 0.034375 0.075
2 0.1859375 0.41484375 0.05859375 0.10078125
2 0.11328125 0.54609375 0.04609375 0.06953125
2 0.2140625 0.565625 0.05234375 0.0890625
2 0.13046875 0.775 0.0625 0.0640625
2 0.32734375 0.503125 0.06171875 0.08125
2 0.34609375 0.5765625 0.0375 0.1171875
2 0.33359375 0.7609375 0.0390625 0.0453125
2 0.48828125 0.25390625 0.05078125 0.0375
2 0.54296875 0.2515625 0.0640625 0.06875
2 0.60625 0.41953125 0.04609375 0.071875
2 0.70078125 0.39453125 0.0265625 0.0515625
2 0.72734375 0.43203125 0.06015625 0.05
2 0.76796875 0.4953125 0.0203125 0.075
2 0.7921875 0.55390625 0.04375 0.090625
2 0.69609375 0.6234375 0.046875 0.09375