2 0.4609375 0.371875 0.0484375 0.06875
2 0.4578125 0.4671875 0.06484375 0.04765625
2 0.3234375 0.64765625 0.05 0.08359375
2 0.35625 0.26015625 0.04140625 0.07421875
2 0.2703125 0.21875 0.0359375 0.07890625
2 0.3078125 0.27578125 0.0328125 0.0703125
2 0.44765625 0.5328125 0.0484375 0.07890625
2 0.6859375 0.56953125 0.04921875 0.0484375
2 0.6390625 0.65703125 0.03828125 0.06796875
2 0.81328125 0.453125 0.046875 0.07890625
2 0.1328125 0.46171875 0.04140625 0.0453125
2 0.25 0.09296875 0.0375 0.053125
2 0.2921875 0.16796875 0.03359375 0.04609375