2 0.21484375 0.4 0.04453125 0.10625
2 0.17421875 0.52265625 0.0515625 0.0765625
2 0.3828125 0.3671875 0.04609375 0.03046875
2 0.40390625 0.51015625 0.0453125 0.046875
2 0.43515625 0.63203125 0.03671875 0.0609375
2 0.52109375 0.41484375 0.025 0.06171875
2 0.58515625 0.50390625 0.05 0.0828125
2 0.6984375 0.51796875 0.0359375 0.03828125
2 0.75625 0.496875 0.03203125 0.0671875
2 0.78359375 0.4625 0.0546875 0.0578125
2 0.76484375 0.2703125 0.0390625 0.065625
2 0.8703125 0.2078125 0.03671875 0.0546875
2 0.76328125 0.20390625 0.0375 0.02578125
0 0.50703125 0.125 0.05546875 0.09375