2 0.596875 0.29140625 0.04375 0.06640625
2 0.66640625 0.31640625 0.01953125 0.05234375
2 0.690625 0.31875 0.0328125 0.0703125
2 0.70234375 0.4421875 0.0296875 0.05859375
2 0.4546875 0.40390625 0.040625 0.05234375
2 0.3046875 0.43984375 0.0453125 0.065625
0 0.2359375 0.5390625 0.04296875 0.03828125
2 0.234375 0.49296875 0.03125 0.05546875
2 0.29921875 0.54140625 0.02734375 0.0640625
2 0.42109375 0.5890625 0.0359375 0.05703125
2 0.67109375 0.72421875 0.0578125 0.04765625
0 0.46640625 0.6578125 0.05078125 0.0578125
0 0.26171875 0.5921875 0.0375 0.0515625