2 0.4 0.3 0.03203125 0.0609375
2 0.4421875 0.26171875 0.028125 0.03046875
2 0.53828125 0.34453125 0.05703125 0.06796875
2 0.26640625 0.30859375 0.02109375 0.03984375
2 0.44453125 0.2 0.0328125 0.0359375
2 0.65 0.1796875 0.01953125 0.05546875
2 0.71796875 0.375 0.04609375 0.06640625
2 0.75 0.56015625 0.02734375 0.07734375
2 0.69375 0.64296875 0.04765625 0.0828125
2 0.47578125 0.63203125 0.03359375 0.03671875
2 0.39296875 0.56796875 0.03046875 0.0515625
2 0.3234375 0.56640625 0.02734375 0.03203125
2 0.315625 0.6078125 0.03359375 0.05546875
2 0.27421875 0.6671875 0.046875 0.025
2 0.8828125 0.578125 0.03984375 0.07109375
2 0.84453125 0.4890625 0.028125 0.05390625
2 0.20703125 0.61328125 0.0296875 0.04375