2 0.34296875 0.36171875 0.05 0.05390625
2 0.35078125 0.1109375 0.0734375 0.0640625
2 0.45078125 0.16015625 0.0609375 0.03125
2 0.57890625 0.11328125 0.0640625 0.0578125
2 0.29453125 0.51875 0.06796875 0.06015625
2 0.309375 0.61484375 0.05625 0.05
2 0.35234375 0.76015625 0.03359375 0.034375
2 0.31953125 0.84140625 0.046875 0.09453125
2 0.378125 0.8109375 0.04453125 0.07890625
2 0.4359375 0.83671875 0.03671875 0.0953125
2 0.49375 0.83828125 0.0453125 0.06328125
2 0.53046875 0.77265625 0.0515625 0.06015625
2 0.575 0.7421875 0.0421875 0.09375
2 0.56171875 0.4890625 0.03515625 0.04921875
2 0.60078125 0.484375 0.0421875 0.0671875
2 0.66640625 0.63046875 0.02890625 0.1078125
2 0.67109375 0.81328125 0.0515625 0.059375
2 0.83984375 0.70078125 0.0453125 0.0625
2 0.8359375 0.62890625 0.0484375 0.06953125
2 0.88046875 0.45625 0.0421875 0.08046875
2 0.93515625 0.49296875 0.03828125 0.08359375
2 0.8421875 0.2734375 0.04921875 0.0671875
2 0.7859375 0.35 0.05234375 0.04765625