2 0.49609375 0.48203125 0.0671875 0.09453125
2 0.56640625 0.36328125 0.0453125 0.1203125
2 0.62578125 0.43515625 0.0546875 0.09296875
2 0.6125 0.53046875 0.05859375 0.053125
2 0.5203125 0.56796875 0.05 0.06171875
2 0.4671875 0.65 0.0625 0.096875
2 0.234375 0.53515625 0.05703125 0.1125
2 0.21484375 0.40625 0.06171875 0.07890625
2 0.24765625 0.74296875 0.065625 0.0734375
2 0.14609375 0.75390625 0.06953125 0.08125
2 0.16875 0.57421875 0.06015625 0.08671875
2 0.23671875 0.8328125 0.0796875 0.0921875
2 0.74609375 0.06328125 0.06875 0.05703125
2 0.85390625 0.0609375 0.0703125 0.0703125