2 0.2328125 0.4984375 0.04140625 0.05390625
2 0.1390625 0.35546875 0.03359375 0.065625
2 0.32109375 0.31328125 0.04921875 0.084375
2 0.31953125 0.546875 0.046875 0.12578125
2 0.39921875 0.3265625 0.04921875 0.08125
2 0.4609375 0.33828125 0.0296875 0.08515625
2 0.51875 0.41171875 0.05390625 0.09609375
2 0.47265625 0.50390625 0.053125 0.06953125
2 0.45234375 0.59375 0.07265625 0.10234375
2 0.55625 0.590625 0.02421875 0.0375
2 0.59765625 0.2984375 0.04296875 0.10703125
2 0.64765625 0.28828125 0.0359375 0.103125
2 0.625 0.4203125 0.04609375 0.1375
2 0.80703125 0.44921875 0.0703125 0.0671875
2 0.87109375 0.4671875 0.0515625 0.0671875