2 0.234375 0.37890625 0.034375 0.046875
2 0.28046875 0.41328125 0.021875 0.028125
2 0.32265625 0.36875 0.0203125 0.05078125
2 0.26953125 0.48359375 0.025 0.03203125
2 0.13671875 0.50625 0.03125 0.0265625
2 0.3125 0.5703125 0.03203125 0.0453125
2 0.33984375 0.625 0.0265625 0.046875
2 0.42109375 0.45 0.03203125 0.04609375
2 0.50859375 0.36875 0.03515625 0.05546875
2 0.55546875 0.3609375 0.0375 0.0625
2 0.63671875 0.39296875 0.03046875 0.06171875
2 0.71640625 0.40546875 0.03125 0.0671875
2 0.771875 0.45703125 0.02734375 0.05234375
2 0.6984375 0.49921875 0.02734375 0.05625
2 0.7234375 0.56328125 0.0234375 0.0640625
2 0.63125 0.6734375 0.0359375 0.0609375
2 0.66875 0.753125 0.0296875 0.0625
2 0.753125 0.68203125 0.03203125 0.03984375
2 0.7859375 0.6109375 0.03203125 0.04453125
2 0.8578125 0.59609375 0.02734375 0.0578125
2 0.8390625 0.5171875 0.0125 0.0375
2 0.87421875 0.38046875 0.034375 0.06484375
2 0.43125 0.640625 0.03671875 0.0390625
2 0.40390625 0.59296875 0.02109375 0.03515625
2 0.44375 0.396875 0.028125 0.03828125
0 0.3484375 0.2703125 0.03203125 0.0453125
0 0.359375 0.31875 0.025 0.0390625
0 0.43984375 0.36484375 0.025 0.0375
0 0.1421875 0.4359375 0.034375 0.04375
0 0.59921875 0.9453125 0.03125 0.04765625
0 0.8421875 0.75 0.028125 0.0375
0 0.80234375 0.72890625 0.02734375 0.05078125
0 0.74375 0.784375 0.03125 0.04765625
0 0.36953125 0.8078125 0.03125 0.0359375
2 0.4078125 0.94765625 0.01953125 0.04921875
2 0.43984375 0.9203125 0.025 0.03359375
2 0.55234375 0.92109375 0.0234375 0.03203125
2 0.5609375 0.9578125 0.02109375 0.04140625
2 0.45078125 0.89375 0.03203125 0.05390625
2 0.41640625 0.82734375 0.02421875 0.05703125
2 0.1875 0.8265625 0.03828125 0.04765625