2 0.2359375 0.31015625 0.03828125 0.05234375
2 0.28671875 0.40078125 0.03828125 0.0625
2 0.18203125 0.4453125 0.03515625 0.03984375
2 0.22890625 0.46171875 0.0375 0.03984375
2 0.2359375 0.521875 0.02734375 0.0515625
2 0.26328125 0.6390625 0.06953125 0.0546875
2 0.20546875 0.51328125 0.02265625 0.0484375
2 0.378125 0.284375 0.03984375 0.0453125
2 0.403125 0.1921875 0.02421875 0.0515625
2 0.43203125 0.2171875 0.03203125 0.0546875
2 0.48359375 0.24296875 0.0421875 0.05234375
2 0.49296875 0.30625 0.059375 0.0421875
2 0.5140625 0.41171875 0.06328125 0.065625
2 0.4640625 0.6546875 0.0421875 0.07890625
2 0.6515625 0.46484375 0.0328125 0.096875
2 0.6953125 0.503125 0.0484375 0.04921875
2 0.7390625 0.44765625 0.0421875 0.10234375
2 0.78828125 0.39296875 0.0546875 0.05546875
2 0.8015625 0.24609375 0.03125 0.08125
2 0.80859375 0.55078125 0.05625 0.090625
2 0.70625 0.6109375 0.06640625 0.06875
2 0.68359375 0.74453125 0.0328125 0.05078125
2 0.621875 0.7921875 0.0390625 0.06015625
2 0.9671875 0.7125 0.0515625 0.05625