2 0.6390625 0.53828125 0.040625 0.0640625
2 0.53046875 0.5953125 0.0515625 0.04765625
2 0.7109375 0.71015625 0.040625 0.09140625
2 0.68359375 0.11796875 0.0390625 0.0734375
2 0.6484375 0.44765625 0.0203125 0.05
2 0.678125 0.490625 0.028125 0.07890625
2 0.753125 0.51953125 0.046875 0.05546875
2 0.80078125 0.55234375 0.04375 0.0578125
2 0.74453125 0.59609375 0.03828125 0.07421875
2 0.6453125 0.78515625 0.06640625 0.0546875
2 0.5296875 0.86875 0.1046875 0.07109375
2 0.8671875 0.45859375 0.02421875 0.08671875