2 0.21171875 0.3984375 0.034375 0.05390625
2 0.2484375 0.37578125 0.053125 0.075
2 0.475 0.425 0.05703125 0.0640625
2 0.5265625 0.25234375 0.034375 0.0625
2 0.625 0.25 0.04609375 0.0578125
2 0.62265625 0.33515625 0.03203125 0.0640625
2 0.63046875 0.54453125 0.0515625 0.06484375
2 0.54609375 0.63125 0.05390625 0.04296875
2 0.46015625 0.58515625 0.04375 0.04140625
2 0.415625 0.52734375 0.05 0.04765625
2 0.33203125 0.64296875 0.028125 0.05
2 0.35625 0.6875 0.03671875 0.04296875
2 0.53046875 0.74453125 0.04609375 0.0703125
2 0.253125 0.71953125 0.04453125 0.05625
2 0.23984375 0.60390625 0.03984375 0.05390625