2 0.46484375 0.43359375 0.03046875 0.08359375
2 0.48203125 0.50546875 0.03359375 0.021875
2 0.48359375 0.571875 0.05078125 0.0359375
2 0.38203125 0.52421875 0.0328125 0.046875
2 0.6421875 0.475 0.0484375 0.0484375
2 0.6140625 0.56171875 0.03515625 0.03203125
2 0.678125 0.55078125 0.03515625 0.06484375
2 0.7296875 0.525 0.0421875 0.03515625
2 0.76875 0.58203125 0.0453125 0.04609375
2 0.70703125 0.603125 0.02890625 0.05234375
2 0.74765625 0.29609375 0.03515625 0.05703125
2 0.7203125 0.14921875 0.02578125 0.05546875
2 0.74296875 0.2234375 0.03359375 0.0296875
2 0.8609375 0.25078125 0.0421875 0.0609375
2 0.8796875 0.15546875 0.0390625 0.06875
2 0.80859375 0.33046875 0.0375 0.0671875
2 0.93359375 0.4734375 0.04765625 0.0453125
2 0.90234375 0.69609375 0.03125 0.05078125
2 0.8140625 0.715625 0.03359375 0.0640625