2 0.4625 0.25234375 0.0640625 0.078125
2 0.4046875 0.30546875 0.04375 0.06875
2 0.4546875 0.33671875 0.04140625 0.09453125
2 0.30546875 0.39140625 0.05390625 0.09296875
2 0.19140625 0.5125 0.04921875 0.09609375
2 0.1109375 0.68359375 0.0515625 0.0515625
2 0.20078125 0.71953125 0.0515625 0.0953125
2 0.3125 0.5609375 0.0609375 0.159375
2 0.46796875 0.5734375 0.04375 0.05234375
2 0.6328125 0.409375 0.0453125 0.16953125
2 0.715625 0.36796875 0.04375 0.08046875
2 0.76796875 0.37890625 0.03828125 0.05859375
2 0.696875 0.51875 0.03828125 0.0796875
2 0.76015625 0.5578125 0.05 0.10703125
2 0.834375 0.62890625 0.040625 0.07890625