2 0.625 0.090625 0.0484375 0.096875
2 0.4828125 0.19140625 0.059375 0.08984375
2 0.353125 0.21171875 0.06796875 0.08046875
2 0.26875 0.17109375 0.04921875 0.07265625
2 0.31171875 0.27265625 0.09296875 0.0953125
2 0.16171875 0.271875 0.05859375 0.09375
2 0.2234375 0.334375 0.05703125 0.1015625
2 0.71484375 0.3171875 0.06171875 0.0703125
2 0.7109375 0.4546875 0.04296875 0.07734375
2 0.6703125 0.54140625 0.05 0.075
2 0.6921875 0.634375 0.0546875 0.0609375
2 0.7640625 0.5765625 0.02890625 0.09375
2 0.81796875 0.4671875 0.04375 0.06328125
2 0.67421875 0.4703125 0.0296875 0.0515625
2 0.5296875 0.58203125 0.04375 0.0984375
2 0.25390625 0.678125 0.071875 0.08515625
2 0.28046875 0.6078125 0.084375 0.05546875
2 0.24375 0.559375 0.040625 0.07265625
2 0.21640625 0.45390625 0.0640625 0.0765625
2 0.4703125 0.6390625 0.0421875 0.0703125