2 0.425 0.4734375 0.084375 0.0765625
2 0.44609375 0.603125 0.065625 0.0890625
2 0.45078125 0.734375 0.06328125 0.08125
2 0.52578125 0.2984375 0.0671875 0.15703125
2 0.3234375 0.20234375 0.06640625 0.071875
2 0.44921875 0.1046875 0.1046875 0.10390625
2 0.58828125 0.2234375 0.05078125 0.11484375
2 0.684375 0.30546875 0.04453125 0.08359375
2 0.67109375 0.23515625 0.03984375 0.06484375
2 0.76640625 0.440625 0.05 0.09609375
2 0.83203125 0.63671875 0.05859375 0.075
2 0.73359375 0.76640625 0.05703125 0.09921875
2 0.81328125 0.753125 0.059375 0.0875