2 0.3546875 0.40703125 0.034375 0.08046875
2 0.3921875 0.45078125 0.0375 0.08125
2 0.56171875 0.25234375 0.04296875 0.09765625
2 0.52265625 0.44609375 0.0421875 0.09921875
2 0.5875 0.58359375 0.06328125 0.06484375
2 0.68359375 0.52421875 0.040625 0.09921875
2 0.7296875 0.528125 0.05390625 0.07109375
2 0.7734375 0.5484375 0.03828125 0.1203125
2 0.4265625 0.625 0.04921875 0.0578125
2 0.40546875 0.684375 0.04609375 0.07265625
2 0.23203125 0.59921875 0.040625 0.04453125
2 0.15859375 0.596875 0.03046875 0.0640625
2 0.15234375 0.65390625 0.02890625 0.07265625