2 0.31953125 0.4328125 0.03359375 0.07265625
2 0.38203125 0.3703125 0.05703125 0.09140625
2 0.421875 0.35546875 0.05859375 0.0578125
2 0.4953125 0.44921875 0.0515625 0.059375
2 0.6046875 0.41796875 0.04140625 0.04375
2 0.5390625 0.33828125 0.03828125 0.05
2 0.73203125 0.36796875 0.040625 0.07578125
2 0.784375 0.3734375 0.03671875 0.059375
2 0.7234375 0.30546875 0.0234375 0.04921875
2 0.2171875 0.63671875 0.040625 0.07109375
2 0.26796875 0.7296875 0.06015625 0.06484375
2 0.46328125 0.771875 0.03359375 0.034375
2 0.696875 0.5546875 0.07421875 0.0734375