2 0.67421875 0.36953125 0.02890625 0.06328125
2 0.68828125 0.525 0.03984375 0.03046875
2 0.596875 0.5015625 0.02734375 0.025
2 0.4828125 0.5140625 0.03046875 0.03046875
2 0.49609375 0.55625 0.025 0.04140625
2 0.45703125 0.61640625 0.025 0.025
2 0.45390625 0.70625 0.01796875 0.03359375
2 0.67421875 0.61484375 0.03515625 0.05
2 0.5515625 0.63125 0.03671875 0.03203125
2 0.55546875 0.7515625 0.0203125 0.0609375
2 0.6421875 0.71796875 0.028125 0.0296875
2 0.60703125 0.69765625 0.021875 0.05078125
2 0.703125 0.71015625 0.034375 0.05703125
2 0.09609375 0.77734375 0.04609375 0.05