0 0.5140625 0.3390625 0.03125 0.09609375
0 0.54375 0.390625 0.0359375 0.07890625
0 0.2421875 0.47890625 0.0609375 0.096875
0 0.453125 0.36328125 0.0328125 0.0859375
0 0.4078125 0.51328125 0.04609375 0.06796875
0 0.46796875 0.5828125 0.05390625 0.090625
0 0.484375 0.7921875 0.05078125 0.053125
0 0.5578125 0.91484375 0.03359375 0.05234375
0 0.675 0.8515625 0.03984375 0.0421875
0 0.528125 0.5328125 0.0296875 0.06796875
0 0.07421875 0.39296875 0.04453125 0.05546875
0 0.30390625 0.5953125 0.04453125 0.0671875
0 0.353125 0.7671875 0.071875 0.12734375
0 0.21796875 0.65546875 0.04296875 0.06796875
0 0.04609375 0.315625 0.05546875 0.06875
0 0.53046875 0.59765625 0.05234375 0.0703125
0 0.23125 0.56015625 0.03203125 0.03984375
0 0.33359375 0.66328125 0.02265625 0.0328125
0 0.45078125 0.9625 0.0453125 0.075