2 0.2625 0.50625 0.059375 0.05390625
2 0.246875 0.6375 0.034375 0.053125
2 0.26484375 0.68984375 0.0375 0.0625
2 0.3328125 0.64921875 0.02578125 0.05546875
2 0.28359375 0.734375 0.04140625 0.0390625
2 0.3953125 0.77265625 0.08359375 0.04921875
2 0.5046875 0.615625 0.03203125 0.0578125
2 0.47109375 0.44921875 0.0203125 0.028125
2 0.48515625 0.34453125 0.0421875 0.03828125
2 0.53515625 0.1875 0.05078125 0.046875
2 0.6375 0.10625 0.03828125 0.05234375
2 0.6734375 0.20625 0.03515625 0.04453125
2 0.75234375 0.140625 0.04921875 0.06171875
2 0.7609375 0.36875 0.046875 0.0453125
2 0.62578125 0.65234375 0.03984375 0.0734375
2 0.646875 0.73125 0.0421875 0.05703125
2 0.721875 0.66796875 0.0515625 0.096875