2 0.19609375 0.3453125 0.05 0.0640625
2 0.496875 0.33984375 0.02890625 0.05390625
2 0.5546875 0.37890625 0.03046875 0.0734375
2 0.5890625 0.3890625 0.0390625 0.0671875
2 0.753125 0.36953125 0.02734375 0.06953125
2 0.16953125 0.484375 0.0328125 0.03046875
2 0.29765625 0.5203125 0.03046875 0.03984375
2 0.13359375 0.55 0.0390625 0.04453125
2 0.1421875 0.603125 0.03515625 0.06953125
2 0.25625 0.5890625 0.04453125 0.08828125
2 0.38203125 0.453125 0.05 0.07890625
2 0.46953125 0.78125 0.04140625 0.0546875
2 0.6609375 0.596875 0.0390625 0.03359375
2 0.859375 0.63515625 0.04609375 0.059375
2 0.7703125 0.65390625 0.0421875 0.04140625
2 0.740625 0.615625 0.03125 0.05390625
2 0.66015625 0.690625 0.0453125 0.040625
2 0.690625 0.4921875 0.0265625 0.03984375