2 0.1609375 0.3375 0.04765625 0.059375
2 0.46328125 0.1296875 0.0390625 0.06640625
2 0.559375 0.06015625 0.04140625 0.0609375
2 0.690625 0.10859375 0.0703125 0.0765625
2 0.49296875 0.5296875 0.08359375 0.06171875
2 0.34921875 0.56171875 0.053125 0.06796875
2 0.28828125 0.62578125 0.08359375 0.04453125
2 0.4046875 0.6640625 0.05 0.065625
2 0.459375 0.8078125 0.078125 0.06484375
2 0.51484375 0.6328125 0.04140625 0.06328125
2 0.6421875 0.7296875 0.04765625 0.06484375
2 0.71015625 0.5890625 0.04375 0.06015625
2 0.58359375 0.52734375 0.03203125 0.0890625