2 0.56953125 0.4984375 0.04765625 0.034375
2 0.66875 0.6203125 0.0671875 0.05703125
2 0.67109375 0.66640625 0.0546875 0.04765625
2 0.72265625 0.70078125 0.05 0.0546875
2 0.8046875 0.5875 0.0609375 0.05703125
2 0.7234375 0.60234375 0.03046875 0.04609375
2 0.85078125 0.63359375 0.0640625 0.04765625
2 0.84140625 0.75703125 0.0453125 0.06796875
2 0.70234375 0.85078125 0.04296875 0.075
2 0.6515625 0.846875 0.0453125 0.09140625
2 0.6875 0.94375 0.0609375 0.04765625
2 0.3875 0.84765625 0.04921875 0.078125
2 0.540625 0.8328125 0.03828125 0.1078125