2 0.43359375 0.3890625 0.02734375 0.05390625
2 0.48203125 0.2265625 0.03828125 0.046875
2 0.584375 0.1734375 0.03671875 0.06484375
2 0.6 0.26875 0.03125 0.0640625
2 0.678125 0.21640625 0.0546875 0.06171875
2 0.68359375 0.4296875 0.03984375 0.07421875
2 0.6328125 0.6890625 0.04296875 0.1125
2 0.54609375 0.66796875 0.05 0.04609375
2 0.55859375 0.74140625 0.05859375 0.071875
2 0.33671875 0.771875 0.0671875 0.07734375
2 0.44296875 0.63515625 0.04609375 0.07890625
2 0.41640625 0.47890625 0.034375 0.03828125
2 0.23828125 0.53125 0.05625 0.04609375
2 0.2109375 0.65234375 0.04375 0.04296875
2 0.2859375 0.6609375 0.03828125 0.03203125
2 0.2203125 0.68828125 0.05 0.0421875
2 0.2375 0.73125 0.04375 0.028125