2 0.27734375 0.22890625 0.040625 0.06640625
2 0.31484375 0.29765625 0.06484375 0.078125
2 0.5046875 0.315625 0.0578125 0.0609375
2 0.37734375 0.2140625 0.06171875 0.0453125
2 0.50234375 0.25703125 0.059375 0.07265625
2 0.59765625 0.31640625 0.04609375 0.05546875
2 0.63671875 0.34765625 0.053125 0.06328125
2 0.70703125 0.3390625 0.0421875 0.07578125
2 0.5140625 0.51875 0.05 0.09609375
2 0.63671875 0.6578125 0.07109375 0.06171875
2 0.34296875 0.48203125 0.04453125 0.07890625
2 0.184375 0.4234375 0.04609375 0.059375