2 0.39140625 0.31171875 0.05234375 0.06484375
2 0.42109375 0.42109375 0.046875 0.06796875
2 0.30234375 0.48203125 0.05078125 0.0640625
2 0.25 0.5328125 0.04921875 0.059375
2 0.31953125 0.578125 0.05859375 0.075
2 0.5421875 0.5296875 0.04765625 0.10546875
2 0.61875 0.45703125 0.04296875 0.078125
2 0.6546875 0.4171875 0.0359375 0.05625
2 0.70859375 0.396875 0.05390625 0.10625
2 0.665625 0.56171875 0.05 0.08828125
2 0.72421875 0.56328125 0.059375 0.07578125
2 0.75078125 0.71015625 0.04453125 0.084375
2 0.26484375 0.68671875 0.053125 0.0640625