2 0.39140625 0.39765625 0.0421875 0.071875
2 0.43828125 0.478125 0.02890625 0.05
2 0.30390625 0.49453125 0.034375 0.065625
2 0.33828125 0.5453125 0.034375 0.0625
2 0.41875 0.61328125 0.0390625 0.05
2 0.29453125 0.62265625 0.03203125 0.04375
2 0.19296875 0.65625 0.040625 0.06640625
2 0.25078125 0.7234375 0.0421875 0.0484375
2 0.55703125 0.590625 0.03046875 0.05234375
2 0.603125 0.56328125 0.03515625 0.08046875
2 0.66015625 0.5375 0.0375 0.07421875
2 0.59921875 0.478125 0.0484375 0.0671875
2 0.65859375 0.4015625 0.03125 0.08046875
2 0.7125 0.59921875 0.02421875 0.07890625
2 0.9453125 0.80546875 0.0203125 0.05546875