2 0.325 0.35859375 0.03515625 0.040625
2 0.36640625 0.3453125 0.0359375 0.04375
2 0.43125 0.3875 0.0421875 0.05703125
2 0.484375 0.3921875 0.0453125 0.0703125
2 0.54375 0.47421875 0.03984375 0.090625
2 0.6140625 0.33125 0.03671875 0.07421875
2 0.6859375 0.3953125 0.03359375 0.07578125
2 0.6734375 0.5578125 0.03984375 0.084375
2 0.4921875 0.57890625 0.046875 0.07265625
2 0.459375 0.6453125 0.04140625 0.08203125
2 0.5015625 0.6390625 0.05234375 0.0515625
2 0.525 0.67890625 0.03984375 0.090625
2 0.51796875 0.7953125 0.04765625 0.06484375
2 0.3578125 0.5875 0.04921875 0.1046875
2 0.25625 0.634375 0.046875 0.090625