2 0.37578125 0.29453125 0.0328125 0.0484375
2 0.41015625 0.24140625 0.03125 0.04609375
2 0.3984375 0.17421875 0.02734375 0.04609375
2 0.23203125 0.32421875 0.03359375 0.0453125
2 0.51875 0.2890625 0.04140625 0.06015625
2 0.6203125 0.08984375 0.02890625 0.06640625
2 0.7703125 0.11796875 0.0296875 0.05
2 0.73671875 0.29609375 0.040625 0.0703125
2 0.7703125 0.52734375 0.03984375 0.0734375
2 0.928125 0.5125 0.0375 0.071875
2 0.70859375 0.640625 0.0328125 0.084375
2 0.39921875 0.590625 0.02421875 0.04609375
2 0.47421875 0.6703125 0.028125 0.05234375
2 0.32265625 0.60546875 0.0328125 0.02890625
2 0.3234375 0.640625 0.0296875 0.0390625
2 0.27734375 0.74453125 0.02890625 0.046875