2 0.32578125 0.4390625 0.01875 0.02109375
2 0.475 0.34296875 0.02109375 0.0328125
2 0.5140625 0.415625 0.0296875 0.03984375
2 0.47421875 0.25859375 0.02421875 0.03046875
2 0.5828125 0.35390625 0.02890625 0.025
2 0.71875 0.34453125 0.03046875 0.03203125
2 0.62734375 0.52890625 0.02734375 0.04609375
2 0.2609375 0.5328125 0.01953125 0.03828125
2 0.36015625 0.51015625 0.025 0.03125
2 0.409375 0.5453125 0.02421875 0.03203125
2 0.42265625 0.56796875 0.0265625 0.03359375
2 0.36484375 0.5921875 0.0265625 0.01953125
2 0.1609375 0.57421875 0.01875 0.04140625
2 0.209375 0.57265625 0.01953125 0.02890625
2 0.3390625 0.3625 0.02578125 0.03828125
2 0.5046875 0.55546875 0.03125 0.05390625
2 0.55 0.5796875 0.0296875 0.02421875
2 0.54921875 0.60859375 0.02265625 0.040625
2 0.59296875 0.61015625 0.0234375 0.034375
2 0.58203125 0.6390625 0.0265625 0.0421875
2 0.784375 0.60625 0.03203125 0.03125
2 0.63125 0.4984375 0.01953125 0.03515625