2 0.3296875 0.27890625 0.071875 0.0671875
2 0.3625 0.39375 0.05078125 0.06796875
2 0.43125 0.4625 0.06875 0.07734375
2 0.390625 0.6046875 0.05859375 0.11015625
2 0.44375 0.634375 0.0578125 0.1
2 0.3359375 0.70078125 0.04921875 0.1015625
2 0.5484375 0.67109375 0.0609375 0.10625
2 0.51875 0.7859375 0.07578125 0.084375
2 0.55546875 0.44453125 0.0453125 0.0875
2 0.60234375 0.51015625 0.0390625 0.09453125
2 0.57734375 0.3390625 0.034375 0.08046875
2 0.53671875 0.2265625 0.0609375 0.1140625
2 0.63515625 0.26328125 0.04921875 0.07578125
2 0.66875 0.33359375 0.04375 0.0921875
2 0.696875 0.4765625 0.0484375 0.10859375
2 0.75234375 0.51484375 0.065625 0.084375
2 0.7921875 0.38671875 0.05078125 0.08671875
2 0.61953125 0.9078125 0.09296875 0.07578125