2 0.01484375 0.1375 0.0296875 0.0546875
2 0.15546875 0.25859375 0.0390625 0.0625
2 0.43828125 0.4984375 0.03046875 0.04375
2 0.53515625 0.6171875 0.0390625 0.0640625
2 0.746875 0.65859375 0.0203125 0.053125
2 0.7734375 0.6390625 0.028125 0.04140625
2 0.71875 0.57734375 0.01875 0.0515625
2 0.678125 0.5203125 0.02734375 0.06171875
2 0.71015625 0.51796875 0.0296875 0.0421875
2 0.6203125 0.5328125 0.0171875 0.046875
2 0.61640625 0.41953125 0.02109375 0.046875
2 0.57578125 0.425 0.0265625 0.04375
2 0.59296875 0.5328125 0.0265625 0.0796875
2 0.559375 0.50234375 0.0265625 0.05546875
2 0.50078125 0.45703125 0.01953125 0.0625
2 0.515625 0.4078125 0.02421875 0.05234375
2 0.46953125 0.4078125 0.02109375 0.05234375
2 0.4453125 0.41953125 0.03359375 0.046875
2 0.41171875 0.39609375 0.01796875 0.0484375
2 0.4265625 0.37265625 0.01875 0.028125
2 0.3796875 0.35078125 0.02421875 0.06328125
2 0.415625 0.3328125 0.0265625 0.05
2 0.828125 0.490625 0.0296875 0.02734375
2 0.9609375 0.48671875 0.01640625 0.04921875
2 0.8625 0.42265625 0.01796875 0.0390625
2 0.7875 0.14375 0.0140625 0.05234375
2 0.75078125 0.1953125 0.03125 0.04140625
2 0.76640625 0.23046875 0.04453125 0.053125
2 0.82421875 0.1859375 0.03125 0.03984375
2 0.834375 0.2328125 0.0359375 0.0375
2 0.86953125 0.23671875 0.02734375 0.0296875
2 0.0421875 0.07734375 0.02109375 0.03984375