0 0.29375 0.31328125 0.05234375 0.06328125
0 0.2890625 0.3828125 0.06796875 0.05078125
0 0.2484375 0.425 0.0421875 0.07109375
0 0.4703125 0.6515625 0.02890625 0.04453125
0 0.640625 0.42890625 0.04375 0.05078125
0 0.628125 0.48046875 0.03984375 0.04296875
0 0.76953125 0.44375 0.05703125 0.06796875
0 0.69296875 0.4078125 0.0359375 0.07109375
0 0.7265625 0.4015625 0.028125 0.04609375
0 0.17109375 0.5640625 0.0359375 0.0859375
0 0.23515625 0.6234375 0.03671875 0.0421875
0 0.49453125 0.2546875 0.06328125 0.07265625
0 0.6625 0.78125 0.04921875 0.06171875