2 0.20859375 0.32265625 0.071875 0.08125
2 0.0796875 0.484375 0.04921875 0.06953125
2 0.134375 0.49921875 0.0578125 0.07109375
2 0.24140625 0.49453125 0.059375 0.0765625
2 0.2015625 0.5578125 0.06796875 0.09609375
2 0.36484375 0.57109375 0.06484375 0.08828125
2 0.40390625 0.66640625 0.05390625 0.071875
2 0.3453125 0.684375 0.084375 0.0609375
2 0.33046875 0.73203125 0.06015625 0.04921875
2 0.2578125 0.71328125 0.06015625 0.071875
2 0.48046875 0.7640625 0.0578125 0.06171875
2 0.56796875 0.55859375 0.04921875 0.06328125
2 0.6375 0.66484375 0.04921875 0.09453125
2 0.58984375 0.80234375 0.046875 0.03828125
2 0.7703125 0.7484375 0.06875 0.053125
2 0.8875 0.32109375 0.0640625 0.08203125
2 0.978125 0.76796875 0.04375 0.0765625
2 0.92421875 0.86484375 0.046875 0.0703125
2 0.8421875 0.87890625 0.040625 0.07421875