2 0.21796875 0.4640625 0.0421875 0.06796875
2 0.32265625 0.390625 0.04765625 0.07890625
2 0.23984375 0.31953125 0.0296875 0.05234375
2 0.26328125 0.28671875 0.040625 0.0421875
2 0.3734375 0.2921875 0.034375 0.071875
2 0.5078125 0.46171875 0.03515625 0.07734375
2 0.465625 0.64453125 0.0578125 0.07734375
2 0.403125 0.678125 0.034375 0.03125
2 0.6625 0.60703125 0.0359375 0.06015625
2 0.76015625 0.46484375 0.04453125 0.06953125
2 0.85625 0.34609375 0.03203125 0.0703125
2 0.8484375 0.44453125 0.03359375 0.053125
2 0.890625 0.44609375 0.03984375 0.0953125
2 0.90859375 0.45078125 0.00703125 0.0015625
2 0.92734375 0.47265625 0.040625 0.0625
2 0.9625 0.4234375 0.04140625 0.08671875
2 0.815625 0.6265625 0.0359375 0.07421875
2 0.859375 0.67265625 0.059375 0.05703125
2 0.89375 0.61640625 0.05546875 0.053125
2 0.953125 0.63828125 0.0484375 0.0671875