2 0.43828125 0.3515625 0.05 0.11640625
2 0.315625 0.2828125 0.04453125 0.078125
2 0.27421875 0.21171875 0.04140625 0.075
2 0.3625 0.125 0.03203125 0.0875
2 0.27265625 0.40703125 0.053125 0.1109375
2 0.18125 0.45390625 0.03828125 0.07421875
2 0.20625 0.5359375 0.05390625 0.05859375
2 0.3765625 0.5625 0.03828125 0.07109375
2 0.33203125 0.59296875 0.0640625 0.05078125
2 0.55 0.38828125 0.0328125 0.11171875
2 0.5984375 0.43359375 0.0375 0.06875
2 0.69921875 0.46796875 0.04296875 0.08203125
2 0.63359375 0.584375 0.07109375 0.0640625
2 0.6484375 0.65234375 0.06328125 0.071875
2 0.778125 0.5484375 0.053125 0.09609375
2 0.83671875 0.528125 0.034375 0.059375
2 0.865625 0.58125 0.0359375 0.09609375
2 0.9234375 0.59921875 0.05390625 0.0609375