2 0.2890625 0.31015625 0.03125 0.0828125
2 0.1875 0.4 0.04296875 0.1125
2 0.1109375 0.5421875 0.03828125 0.084375
2 0.21328125 0.5515625 0.040625 0.10234375
2 0.3359375 0.540625 0.06640625 0.15078125
2 0.48515625 0.25 0.0390625 0.0515625
2 0.53203125 0.24921875 0.04765625 0.08046875
2 0.6125 0.42109375 0.0359375 0.0875
2 0.69921875 0.39921875 0.02890625 0.04921875
2 0.72265625 0.4390625 0.0390625 0.0640625
2 0.78984375 0.54453125 0.03671875 0.10390625
2 0.69375 0.61484375 0.034375 0.0890625
2 0.33828125 0.76953125 0.04140625 0.03671875
2 0.128125 0.76875 0.0578125 0.040625