2 0.61015625 0.3703125 0.0421875 0.075
2 0.5703125 0.4796875 0.04453125 0.02890625
2 0.46796875 0.52890625 0.04296875 0.04296875
2 0.434375 0.61875 0.03984375 0.0359375
2 0.6328125 0.628125 0.03046875 0.04140625
2 0.8109375 0.5109375 0.0484375 0.065625
2 0.88046875 0.36640625 0.03984375 0.07421875
2 0.8890625 0.81171875 0.0609375 0.08125
2 0.95078125 0.790625 0.053125 0.0890625
2 0.88359375 0.9359375 0.06015625 0.0625
2 0.9546875 0.9671875 0.03984375 0.0609375
2 0.984375 0.83203125 0.03125 0.10546875