2 0.3328125 0.3265625 0.01953125 0.04296875
2 0.3078125 0.53828125 0.03828125 0.0578125
2 0.39296875 0.56796875 0.01953125 0.03203125
2 0.46875 0.44765625 0.02890625 0.05390625
2 0.45234375 0.628125 0.0328125 0.059375
2 0.540625 0.54765625 0.02890625 0.08828125
2 0.7515625 0.47890625 0.0234375 0.08125
2 0.77578125 0.5 0.0296875 0.06953125
2 0.640625 0.6671875 0.028125 0.0515625
2 0.55859375 0.68984375 0.0390625 0.040625
2 0.56875 0.73984375 0.059375 0.05625
2 0.6125 0.71171875 0.028125 0.0328125
2 0.23046875 0.7046875 0.02421875 0.03046875
2 0.11328125 0.62890625 0.0234375 0.03046875