2 0.24453125 0.37890625 0.0390625 0.05546875
2 0.26640625 0.45390625 0.0203125 0.0265625
2 0.31015625 0.52421875 0.0265625 0.03984375
2 0.30546875 0.64296875 0.03984375 0.034375
2 0.3734375 0.53359375 0.02265625 0.06015625
2 0.69140625 0.2984375 0.02890625 0.05234375
2 0.6875 0.36015625 0.02734375 0.05234375
2 0.7328125 0.3671875 0.025 0.06015625
2 0.78359375 0.475 0.0328125 0.06171875
2 0.83671875 0.45078125 0.03203125 0.04453125
2 0.87578125 0.4375 0.0234375 0.0484375
2 0.80546875 0.55625 0.03671875 0.06484375
2 0.73125 0.69609375 0.0265625 0.0546875