2 0.38125 0.39921875 0.028125 0.0453125
2 0.34375 0.2984375 0.03203125 0.04765625
2 0.54609375 0.4640625 0.03359375 0.0484375
2 0.421875 0.5671875 0.0484375 0.06484375
2 0.5515625 0.571875 0.02421875 0.0515625
2 0.609375 0.56640625 0.03828125 0.06328125
2 0.68828125 0.62578125 0.034375 0.0546875
2 0.4703125 0.6390625 0.0390625 0.05078125
2 0.93359375 0.53359375 0.0375 0.0515625
2 0.375 0.465625 0.02578125 0.0515625
2 0.971875 0.64609375 0.03203125 0.0421875
2 0.85390625 0.7859375 0.0328125 0.07109375
2 0.6390625 0.4828125 0.028125 0.08203125