2 0.43125 0.3203125 0.03046875 0.0890625
2 0.175 0.525 0.04609375 0.06875
2 0.17578125 0.5875 0.04765625 0.06796875
2 0.25234375 0.58828125 0.0328125 0.071875
2 0.3046875 0.65859375 0.0375 0.05
2 0.334375 0.61953125 0.04921875 0.04609375
2 0.39296875 0.54609375 0.03515625 0.07421875
2 0.43125 0.51796875 0.04140625 0.053125
2 0.46875 0.684375 0.04609375 0.078125
2 0.51640625 0.6328125 0.05234375 0.05078125
2 0.60078125 0.5828125 0.0390625 0.05859375
2 0.63203125 0.38125 0.040625 0.07890625
2 0.59140625 0.52109375 0.03125 0.04296875
2 0.6609375 0.55546875 0.034375 0.075
2 0.68359375 0.503125 0.0265625 0.07890625
2 0.73671875 0.54375 0.0265625 0.05546875
2 0.74765625 0.50625 0.040625 0.0609375
2 0.77578125 0.57578125 0.03125 0.0296875
2 0.70546875 0.60078125 0.05 0.0421875
2 0.8203125 0.51875 0.05 0.07890625
2 0.49453125 0.95390625 0.05 0.046875