2 0.29140625 0.20859375 0.0609375 0.10859375
2 0.45390625 0.35390625 0.0578125 0.12734375
2 0.57265625 0.1546875 0.0484375 0.09453125
2 0.47109375 0.671875 0.05703125 0.13359375
2 0.38984375 0.7578125 0.06171875 0.11953125
2 0.1734375 0.6875 0.090625 0.1125
2 0.45234375 0.834375 0.04453125 0.0875
2 0.63828125 0.5921875 0.0609375 0.06640625
2 0.5734375 0.73671875 0.0703125 0.08828125
2 0.5328125 0.875 0.07265625 0.1171875
2 0.625 0.8671875 0.046875 0.1078125
2 0.871875 0.4390625 0.08515625 0.0734375
2 0.86484375 0.53828125 0.09296875 0.078125