2 0.56328125 0.27421875 0.04375 0.04921875
2 0.65234375 0.22109375 0.0203125 0.04765625
2 0.68125 0.3078125 0.02734375 0.03671875
2 0.74375 0.271875 0.03515625 0.05078125
2 0.74453125 0.45859375 0.02890625 0.0484375
2 0.90703125 0.33046875 0.0359375 0.0421875
2 0.51953125 0.42421875 0.03046875 0.04140625
2 0.521875 0.6453125 0.0296875 0.04375
2 0.62421875 0.6796875 0.0390625 0.046875
2 0.63671875 0.734375 0.040625 0.0359375
2 0.7046875 0.69921875 0.0265625 0.0640625
2 0.425 0.76953125 0.06328125 0.0640625
2 0.31484375 0.66484375 0.02890625 0.0328125
2 0.321875 0.70625 0.040625 0.03515625
2 0.3421875 0.73828125 0.0421875 0.02109375
2 0.38125 0.6796875 0.01640625 0.053125
2 0.50234375 0.509375 0.02890625 0.0453125
2 0.2640625 0.46484375 0.0359375 0.0390625