2 0.29140625 0.05859375 0.04375 0.0609375
2 0.24296875 0.159375 0.0515625 0.04296875
2 0.37890625 0.02890625 0.04765625 0.046875
2 0.58671875 0.1203125 0.06953125 0.06484375
2 0.646875 0.0171875 0.034375 0.034375
2 0.38203125 0.31484375 0.04453125 0.05390625
2 0.67109375 0.3734375 0.03515625 0.07421875
2 0.621875 0.38671875 0.0484375 0.07890625
2 0.7 0.421875 0.0484375 0.04921875
2 0.615625 0.4875 0.03984375 0.06484375
2 0.65703125 0.51171875 0.02734375 0.07109375
2 0.65234375 0.58671875 0.040625 0.04375
2 0.440625 0.64375 0.046875 0.059375
2 0.49765625 0.67734375 0.04140625 0.0390625
2 0.48359375 0.73515625 0.059375 0.06171875
2 0.5546875 0.803125 0.03984375 0.10390625
2 0.503125 0.878125 0.0453125 0.06171875
2 0.08671875 0.9171875 0.03671875 0.0578125