2 0.3578125 0.36171875 0.0484375 0.1203125
2 0.47578125 0.378125 0.0671875 0.11953125
2 0.5 0.49296875 0.05 0.1046875
2 0.56796875 0.4703125 0.04140625 0.1015625
2 0.51484375 0.2484375 0.06484375 0.1203125
2 0.4359375 0.22578125 0.06171875 0.096875
2 0.584375 0.1578125 0.04921875 0.12421875
2 0.59609375 0.334375 0.053125 0.1296875
2 0.6171875 0.671875 0.05234375 0.12109375
2 0.425 0.659375 0.0625 0.11328125
2 0.33359375 0.71171875 0.053125 0.096875
2 0.2296875 0.66015625 0.08828125 0.09765625
2 0.4703125 0.83125 0.09140625 0.11640625
2 0.534375 0.79765625 0.05078125 0.13046875
2 0.6421875 0.79453125 0.0546875 0.10703125
2 0.7140625 0.75390625 0.034375 0.1078125
2 0.4984375 0.96484375 0.06328125 0.0703125