2 0.21015625 0.2921875 0.0203125 0.046875
2 0.2484375 0.3140625 0.0359375 0.03984375
2 0.2515625 0.50234375 0.0296875 0.028125
2 0.303125 0.4859375 0.0296875 0.05078125
2 0.371875 0.38359375 0.03828125 0.05859375
2 0.35703125 0.46953125 0.03515625 0.0453125
2 0.34375 0.5828125 0.03984375 0.04296875
2 0.40078125 0.6125 0.03828125 0.04453125
2 0.4703125 0.49296875 0.025 0.0640625
2 0.503125 0.25390625 0.03125 0.0453125
2 0.584375 0.23984375 0.04296875 0.03046875
2 0.6859375 0.3078125 0.03515625 0.0609375
2 0.54296875 0.4828125 0.034375 0.06171875
2 0.58515625 0.440625 0.04453125 0.04609375
2 0.64609375 0.58359375 0.02265625 0.0453125
2 0.671875 0.6359375 0.02734375 0.06015625
2 0.39453125 0.91484375 0.0546875 0.0625