2 0.340625 0.38203125 0.053125 0.06484375
2 0.32421875 0.30703125 0.0546875 0.0453125
2 0.28515625 0.465625 0.06015625 0.09765625
2 0.36171875 0.49140625 0.040625 0.08984375
2 0.4453125 0.434375 0.0640625 0.0890625
2 0.50078125 0.30546875 0.07734375 0.0625
2 0.6078125 0.36328125 0.0453125 0.08125
2 0.60703125 0.45390625 0.03984375 0.06015625
2 0.57734375 0.5328125 0.06484375 0.08515625
2 0.67890625 0.46328125 0.0515625 0.08203125
2 0.73203125 0.34609375 0.06640625 0.06640625
2 0.91953125 0.43828125 0.06171875 0.07265625
2 0.85 0.57265625 0.0640625 0.071875
2 0.70234375 0.56484375 0.03125 0.06015625
2 0.15546875 0.59921875 0.06640625 0.05234375
2 0.1578125 0.6453125 0.03203125 0.0203125
2 0.19453125 0.66796875 0.05703125 0.0453125
2 0.025 0.61328125 0.021875 0.0375
2 0.6453125 0.41640625 0.02734375 0.05703125
2 0.88671875 0.66328125 0.03125 0.0453125