2 0.29296875 0.525 0.05 0.04453125
2 0.51875 0.61328125 0.05703125 0.03046875
2 0.315625 0.6171875 0.03203125 0.04765625
2 0.23828125 0.61875 0.05625 0.0484375
2 0.28671875 0.6765625 0.03671875 0.03359375
2 0.32578125 0.6734375 0.040625 0.0421875
2 0.33046875 0.740625 0.06796875 0.0390625
2 0.37421875 0.56796875 0.03359375 0.034375
2 0.453125 0.52421875 0.05 0.03359375
2 0.540625 0.5734375 0.05546875 0.03203125
2 0.4625 0.6734375 0.07109375 0.02890625
2 0.3796875 0.6453125 0.04453125 0.02265625
2 0.8984375 0.5328125 0.0671875 0.02890625
2 0.8203125 0.50703125 0.059375 0.0296875
2 0.3828125 0.13203125 0.04375 0.04453125
2 0.425 0.11953125 0.03671875 0.02734375
2 0.39765625 0.17734375 0.0578125 0.0265625
2 0.33125 0.1765625 0.05625 0.03046875
2 0.42265625 0.04375 0.04453125 0.02109375