2 0.51015625 0.25546875 0.05546875 0.0515625
2 0.38203125 0.221875 0.053125 0.06484375
2 0.3140625 0.2890625 0.05703125 0.06484375
2 0.27734375 0.24375 0.04296875 0.03203125
2 0.184375 0.421875 0.06171875 0.06328125
2 0.3390625 0.48984375 0.0421875 0.06796875
2 0.51171875 0.52421875 0.0640625 0.07578125
2 0.60234375 0.3140625 0.05 0.06796875
2 0.6453125 0.3578125 0.0625 0.09609375
2 0.70546875 0.33671875 0.040625 0.0828125
2 0.6375 0.66328125 0.0625 0.0640625
2 0.50390625 0.31328125 0.05078125 0.04765625