2 0.2484375 0.87109375 0.034375 0.0578125
2 0.3078125 0.87421875 0.03046875 0.0421875
2 0.409375 0.59765625 0.03671875 0.040625
2 0.5703125 0.45234375 0.025 0.0671875
2 0.60703125 0.44296875 0.0265625 0.05390625
2 0.63125 0.43203125 0.02109375 0.04296875
2 0.6640625 0.4390625 0.03671875 0.0546875
2 0.54140625 0.56484375 0.03984375 0.05703125
2 0.50625 0.63203125 0.02890625 0.0296875
2 0.55703125 0.62890625 0.0375 0.04296875
2 0.6109375 0.59609375 0.04140625 0.028125
2 0.49609375 0.67265625 0.04453125 0.028125
2 0.43359375 0.66796875 0.040625 0.03984375
2 0.50625 0.69921875 0.0671875 0.0375
2 0.45 0.73359375 0.0203125 0.0515625
2 0.43125 0.71640625 0.02578125 0.0390625
2 0.72578125 0.5078125 0.02734375 0.03828125
2 0.759375 0.5609375 0.02421875 0.03359375
2 0.72109375 0.3296875 0.02890625 0.04296875
2 0.75546875 0.3296875 0.01953125 0.0453125
2 0.7859375 0.471875 0.03515625 0.02578125
2 0.81484375 0.471875 0.02265625 0.0328125
2 0.865625 0.41171875 0.05 0.0828125
2 0.759375 0.4265625 0.03046875 0.03203125
2 0.78828125 0.503125 0.0234375 0.03671875
2 0.6703125 0.70390625 0.0375 0.0421875
2 0.815625 0.88671875 0.053125 0.05234375
2 0.33671875 0.42578125 0.0234375 0.05390625
2 0.4734375 0.2234375 0.025 0.07578125