2 0.2921875 0.54765625 0.05859375 0.05234375
2 0.29296875 0.60390625 0.07421875 0.09609375
2 0.3640625 0.6171875 0.05390625 0.11484375
2 0.5125 0.6484375 0.065625 0.075
2 0.64453125 0.578125 0.0578125 0.12421875
2 0.74765625 0.65703125 0.06328125 0.13359375
2 0.46328125 0.41953125 0.03984375 0.06328125
2 0.5171875 0.43125 0.06796875 0.1171875
2 0.61328125 0.43046875 0.06875 0.1015625
2 0.6984375 0.13828125 0.03828125 0.06640625
2 0.42421875 0.77734375 0.06640625 0.08359375
2 0.246875 0.153125 0.06328125 0.0734375