2 0.20859375 0.32109375 0.05390625 0.14296875
2 0.28359375 0.32734375 0.03984375 0.1109375
2 0.31640625 0.40234375 0.0390625 0.1171875
2 0.3609375 0.36875 0.05859375 0.09140625
2 0.49296875 0.46171875 0.0484375 0.10234375
2 0.546875 0.5265625 0.0421875 0.11640625
2 0.58828125 0.7640625 0.03515625 0.13359375
2 0.61640625 0.6421875 0.07265625 0.06484375
2 0.6625 0.609375 0.05390625 0.08359375
2 0.69921875 0.50078125 0.03828125 0.06953125
2 0.5765625 0.4828125 0.0375 0.05
2 0.7234375 0.5921875 0.04375 0.0671875
2 0.69921875 0.66328125 0.06015625 0.084375