2 0.1765625 0.50390625 0.04765625 0.03984375
2 0.18671875 0.55234375 0.0359375 0.04765625
2 0.24296875 0.64296875 0.0390625 0.06328125
2 0.27265625 0.75859375 0.034375 0.034375
2 0.3484375 0.6703125 0.06484375 0.05625
2 0.42890625 0.7171875 0.04296875 0.04453125
2 0.3765625 0.4609375 0.03515625 0.0703125
2 0.36640625 0.26640625 0.021875 0.05703125
2 0.47890625 0.51640625 0.01953125 0.03984375
2 0.4828125 0.60859375 0.03828125 0.06328125
2 0.52890625 0.51484375 0.04609375 0.046875
2 0.57421875 0.5 0.0328125 0.04921875