2 0.14296875 0.31953125 0.08671875 0.1359375
2 0.1625 0.61875 0.0609375 0.125
2 0.33359375 0.5625 0.06796875 0.10078125
2 0.44765625 0.6828125 0.07734375 0.08359375
2 0.4734375 0.80546875 0.065625 0.084375
2 0.659375 0.76484375 0.03671875 0.06640625
2 0.615625 0.73828125 0.0390625 0.065625
2 0.6390625 0.62109375 0.0515625 0.109375
2 0.703125 0.6640625 0.0484375 0.08828125
2 0.79453125 0.66015625 0.06875 0.08984375
2 0.77109375 0.53671875 0.053125 0.06640625
2 0.61171875 0.4296875 0.046875 0.090625
2 0.57421875 0.46875 0.0421875 0.10234375
2 0.83828125 0.56953125 0.03359375 0.0859375
2 0.87109375 0.5421875 0.03984375 0.0609375