2 0.4109375 0.36953125 0.02578125 0.03671875
2 0.28203125 0.41484375 0.021875 0.0453125
2 0.2671875 0.51328125 0.021875 0.0421875
2 0.31328125 0.53984375 0.0359375 0.05078125
2 0.1203125 0.56796875 0.01875 0.06015625
2 0.509375 0.3328125 0.015625 0.05546875
2 0.53515625 0.4203125 0.028125 0.0328125
2 0.565625 0.4046875 0.0296875 0.02421875
2 0.528125 0.4578125 0.01953125 0.05
2 0.68671875 0.209375 0.0234375 0.05625
2 0.728125 0.11171875 0.04453125 0.0609375
2 0.7765625 0.4953125 0.0375 0.071875
2 0.79375 0.5984375 0.04609375 0.05
2 0.48984375 0.69375 0.03828125 0.0484375
2 0.55625 0.72421875 0.02578125 0.0578125
2 0.36953125 0.68359375 0.02578125 0.05078125