2 0.3875 0.31171875 0.0640625 0.15390625
2 0.33828125 0.46953125 0.06640625 0.134375
2 0.4078125 0.48984375 0.0640625 0.11484375
2 0.3078125 0.6578125 0.0984375 0.15703125
2 0.12734375 0.4296875 0.103125 0.1171875
2 0.43125 0.76796875 0.07109375 0.11171875
2 0.59921875 0.790625 0.0875 0.1328125
2 0.7125 0.68984375 0.04921875 0.0921875
2 0.56484375 0.2390625 0.0484375 0.10078125
2 0.61875 0.19375 0.090625 0.1
2 0.56171875 0.33828125 0.0265625 0.0421875
2 0.65546875 0.48203125 0.0828125 0.0828125
2 0.8 0.73828125 0.08359375 0.22578125