2 0.440625 0.3109375 0.03125 0.07109375
2 0.46171875 0.22265625 0.03515625 0.053125
2 0.39375 0.328125 0.03203125 0.05625
2 0.35859375 0.26015625 0.04140625 0.05703125
2 0.31171875 0.26484375 0.02890625 0.0484375
2 0.31171875 0.37578125 0.0328125 0.0390625
2 0.32109375 0.42890625 0.04140625 0.03984375
2 0.5328125 0.60703125 0.0453125 0.1
2 0.5875 0.759375 0.04375 0.0671875
2 0.6734375 0.42421875 0.0359375 0.04921875
2 0.634375 0.33125 0.04140625 0.0484375
2 0.678125 0.36484375 0.0421875 0.05859375
2 0.65859375 0.28359375 0.046875 0.06171875
2 0.6453125 0.22421875 0.04453125 0.03671875
2 0.60703125 0.19140625 0.03203125 0.0515625
2 0.8609375 0.48359375 0.0359375 0.059375
2 0.86640625 0.42890625 0.02734375 0.03984375
2 0.88828125 0.43046875 0.0375 0.0375