2 0.4765625 0.41875 0.05546875 0.07578125
2 0.509375 0.57421875 0.040625 0.09140625
2 0.4265625 0.61171875 0.046875 0.05078125
2 0.36796875 0.4296875 0.04296875 0.075
2 0.49765625 0.353125 0.07578125 0.06640625
2 0.72890625 0.1796875 0.0546875 0.05234375
2 0.79140625 0.02734375 0.04296875 0.034375
2 0.5609375 0.60859375 0.028125 0.04765625
2 0.571875 0.67578125 0.02578125 0.0609375
2 0.5 0.7390625 0.034375 0.09140625
2 0.5453125 0.76796875 0.0453125 0.090625
2 0.578125 0.73203125 0.0328125 0.04375
2 0.61328125 0.83046875 0.04140625 0.08359375