2 0.38984375 0.38203125 0.04609375 0.0734375
2 0.30546875 0.49765625 0.03046875 0.0453125
2 0.34765625 0.54921875 0.0421875 0.07734375
2 0.290625 0.621875 0.02890625 0.0328125
2 0.19453125 0.65546875 0.03671875 0.05390625
2 0.25625 0.7203125 0.04375 0.03515625
2 0.4140625 0.60390625 0.03203125 0.0546875
2 0.4390625 0.46875 0.02109375 0.0515625
2 0.659375 0.40078125 0.0328125 0.071875
2 0.60546875 0.4796875 0.02890625 0.0390625
2 0.59609375 0.55078125 0.034375 0.05390625
2 0.565625 0.58671875 0.0375 0.05703125
2 0.66015625 0.54765625 0.04609375 0.0640625
2 0.71171875 0.60390625 0.0234375 0.0375
2 0.94296875 0.8171875 0.0359375 0.08046875