2 0.23671875 0.1765625 0.02890625 0.09765625
2 0.6375 0.22734375 0.04453125 0.07109375
2 0.609375 0.38359375 0.0421875 0.0828125
2 0.39921875 0.41171875 0.06484375 0.09921875
2 0.515625 0.46484375 0.0609375 0.0671875
2 0.13125 0.9015625 0.05390625 0.07734375
2 0.1140625 0.95546875 0.05 0.06328125
2 0.159375 0.98359375 0.05703125 0.03046875
2 0.440625 0.8453125 0.0421875 0.059375
2 0.39296875 0.87265625 0.04375 0.07265625
2 0.47734375 0.80234375 0.0453125 0.0625
2 0.53984375 0.83515625 0.040625 0.0953125
2 0.7765625 0.65078125 0.04765625 0.0796875
2 0.80390625 0.6328125 0.025 0.05546875
2 0.91953125 0.83125 0.03046875 0.09296875