2 0.39140625 0.32265625 0.04609375 0.06015625
2 0.4140625 0.421875 0.04453125 0.0515625
2 0.29921875 0.49296875 0.04921875 0.07578125
2 0.2546875 0.53359375 0.0453125 0.0875
2 0.31640625 0.58203125 0.03515625 0.04140625
2 0.26328125 0.6921875 0.021875 0.05859375
2 0.540625 0.53125 0.03515625 0.0609375
2 0.66171875 0.5625 0.0375 0.09921875
2 0.6171875 0.45390625 0.0296875 0.08984375
2 0.6546875 0.41015625 0.0296875 0.06015625
2 0.70625 0.39921875 0.03984375 0.0828125
2 0.7203125 0.5546875 0.034375 0.084375
2 0.7453125 0.69765625 0.03203125 0.07421875