2 0.28203125 0.57578125 0.07578125 0.1078125
2 0.32578125 0.4953125 0.06171875 0.140625
2 0.19609375 0.29140625 0.09453125 0.128125
2 0.4890625 0.23515625 0.05 0.1109375
2 0.32265625 0.0609375 0.04296875 0.121875
2 0.51875 0.6890625 0.06484375 0.23359375
2 0.4859375 0.85625 0.065625 0.10859375
2 0.64921875 0.7296875 0.0875 0.16953125
2 0.7359375 0.54765625 0.0484375 0.11953125
2 0.71875 0.21640625 0.065625 0.09296875
2 0.14375 0.05546875 0.08671875 0.1015625
2 0.42265625 0.03984375 0.05625 0.0796875
2 0.94921875 0.81953125 0.1015625 0.1859375
2 0.9296875 0.9578125 0.128125 0.08359375
2 0.9203125 0.125 0.0796875 0.09765625