2 0.478125 0.43359375 0.04453125 0.0671875
2 0.64296875 0.5453125 0.0421875 0.0734375
2 0.55078125 0.62265625 0.04375 0.05859375
2 0.45078125 0.5921875 0.03984375 0.0546875
2 0.334375 0.6453125 0.02265625 0.06875
2 0.3609375 0.6875 0.0546875 0.06171875
2 0.240625 0.59921875 0.021875 0.08671875
2 0.27734375 0.5984375 0.02421875 0.04921875
2 0.41953125 0.53203125 0.025 0.0421875
2 0.52734375 0.7421875 0.03359375 0.06875
2 0.528125 0.2546875 0.02578125 0.05078125
2 0.61875 0.24609375 0.03203125 0.05859375
2 0.615625 0.33671875 0.03125 0.06328125
2 0.2140625 0.403125 0.0328125 0.05234375
2 0.2453125 0.36328125 0.065625 0.05625
2 0.2484375 0.72421875 0.0296875 0.0359375