2 0.57734375 0.61640625 0.0546875 0.05703125
2 0.5546875 0.70546875 0.03203125 0.0734375
2 0.2359375 0.75625 0.06171875 0.06953125
2 0.10859375 0.721875 0.0421875 0.059375
2 0.52890625 0.8140625 0.05 0.059375
2 0.67265625 0.51796875 0.04375 0.07890625
2 0.77265625 0.53203125 0.05703125 0.065625
2 0.81484375 0.35546875 0.046875 0.06640625
2 0.73671875 0.409375 0.0296875 0.06484375
2 0.8453125 0.6046875 0.04921875 0.09921875
2 0.728125 0.82890625 0.05859375 0.08203125
2 0.56953125 0.85859375 0.02734375 0.0546875
2 0.3875 0.7078125 0.0265625 0.0546875