2 0.48515625 0.38515625 0.06171875 0.0625
2 0.225 0.14921875 0.05 0.0765625
2 0.49609375 0.28125 0.0296875 0.053125
2 0.42265625 0.48671875 0.04375 0.05
2 0.4484375 0.56171875 0.04609375 0.090625
2 0.2109375 0.7640625 0.02734375 0.0390625
2 0.71640625 0.56875 0.0484375 0.07890625
2 0.64375 0.62109375 0.0515625 0.0671875
2 0.64375 0.6859375 0.0421875 0.0609375
2 0.6515625 0.29453125 0.0546875 0.06328125
2 0.8484375 0.1671875 0.046875 0.07265625
2 0.884375 0.26484375 0.03515625 0.04921875
2 0.725 0.72109375 0.04140625 0.04921875
2 0.7703125 0.74296875 0.0390625 0.06171875
2 0.6734375 0.75 0.05390625 0.046875
2 0.6828125 0.80078125 0.05078125 0.0453125