2 0.19375 0.35078125 0.0546875 0.0984375
2 0.1734375 0.48671875 0.0484375 0.0859375
2 0.12265625 0.55546875 0.040625 0.05
2 0.15 0.61015625 0.04375 0.0546875
2 0.2875 0.6421875 0.03203125 0.03046875
2 0.2578125 0.58046875 0.03671875 0.078125
2 0.3078125 0.52734375 0.0296875 0.0515625
2 0.38125 0.45078125 0.0375 0.065625
2 0.4921875 0.334375 0.04609375 0.0671875
2 0.553125 0.38125 0.0328125 0.07265625
2 0.5828125 0.390625 0.0234375 0.06484375
2 0.61015625 0.43359375 0.0609375 0.1125
2 0.7671875 0.38515625 0.07421875 0.0859375
2 0.6953125 0.49609375 0.0234375 0.0484375
2 0.3734375 0.58125 0.0859375 0.0859375
2 0.4640625 0.60234375 0.0484375 0.05234375
2 0.66171875 0.59921875 0.02578125 0.06328125
2 0.6609375 0.69296875 0.0328125 0.06796875
2 0.76875 0.65703125 0.034375 0.04140625
2 0.7359375 0.615625 0.028125 0.03203125
2 0.85546875 0.65 0.0453125 0.10703125
2 0.74140625 0.54609375 0.04765625 0.0546875
2 0.459375 0.78671875 0.04140625 0.07890625