2 0.30234375 0.32890625 0.03828125 0.0578125
2 0.3859375 0.3 0.05546875 0.05859375
2 0.53984375 0.3078125 0.0390625 0.053125
2 0.5109375 0.36640625 0.0359375 0.075
2 0.42890625 0.42421875 0.0375 0.04921875
2 0.496875 0.47109375 0.053125 0.06171875
2 0.55078125 0.43828125 0.03125 0.07109375
2 0.5875 0.43828125 0.0421875 0.0953125
2 0.58515625 0.5140625 0.06640625 0.05703125
2 0.54609375 0.6578125 0.04140625 0.05
2 0.5765625 0.69296875 0.03359375 0.04375
2 0.50078125 0.7765625 0.07578125 0.08203125
2 0.596875 0.7578125 0.04453125 0.06015625
2 0.33515625 0.3796875 0.0390625 0.04140625
2 0.10078125 0.71171875 0.04921875 0.040625
2 0.21640625 0.64921875 0.02734375 0.04140625
2 0.521875 0.86796875 0.02578125 0.0703125
2 0.03125 0.2078125 0.03046875 0.0625
2 0.1515625 0.053125 0.05 0.09375
2 0.3890625 0.0328125 0.03828125 0.065625