2 0.19765625 0.3515625 0.03125 0.06484375
2 0.375 0.2328125 0.02421875 0.065625
2 0.41953125 0.175 0.0453125 0.05
2 0.46171875 0.1546875 0.02265625 0.05078125
2 0.4921875 0.15859375 0.034375 0.05390625
2 0.540625 0.24609375 0.0265625 0.04765625
2 0.5765625 0.31796875 0.02421875 0.05390625
2 0.49921875 0.328125 0.0359375 0.05625
2 0.446875 0.315625 0.0296875 0.0484375
2 0.3734375 0.51328125 0.03671875 0.059375
2 0.50625 0.575 0.03046875 0.04921875
2 0.5390625 0.5640625 0.034375 0.04140625
2 0.45078125 0.66953125 0.03046875 0.08984375
2 0.409375 0.56953125 0.05 0.04296875
2 0.3171875 0.5421875 0.03515625 0.04765625
2 0.24609375 0.54921875 0.02890625 0.02578125
2 0.27265625 0.60703125 0.0421875 0.05390625
2 0.38984375 0.6640625 0.0390625 0.05625
2 0.20546875 0.51484375 0.0328125 0.0390625