2 0.3859375 0.3203125 0.03359375 0.0578125
2 0.35546875 0.38515625 0.03359375 0.0640625
2 0.2578125 0.41328125 0.0578125 0.05078125
2 0.28046875 0.55390625 0.0484375 0.05078125
2 0.31875 0.5375 0.03984375 0.09140625
2 0.3625 0.434375 0.03203125 0.05
2 0.41015625 0.41953125 0.059375 0.06015625
2 0.4515625 0.6203125 0.06640625 0.075
2 0.6453125 0.503125 0.03828125 0.084375
2 0.6671875 0.61171875 0.0453125 0.0734375
2 0.72109375 0.565625 0.03984375 0.08046875
2 0.784375 0.65234375 0.034375 0.065625
2 0.81796875 0.575 0.03828125 0.07421875
2 0.56015625 0.7546875 0.0359375 0.06875
2 0.6234375 0.79375 0.05078125 0.03984375
2 0.66484375 0.85 0.02578125 0.06015625
2 0.67109375 0.921875 0.028125 0.046875
2 0.6625 0.98359375 0.059375 0.0328125