2 0.584375 0.3515625 0.0296875 0.04765625
2 0.64609375 0.3875 0.04765625 0.053125
2 0.63203125 0.44296875 0.04765625 0.05234375
2 0.853125 0.4703125 0.075 0.059375
2 0.86875 0.41328125 0.05546875 0.04375
2 0.4859375 0.68515625 0.02890625 0.0734375
2 0.60703125 0.28828125 0.03984375 0.05390625
2 0.59453125 0.1984375 0.05 0.0484375
2 0.546875 0.17265625 0.04296875 0.071875
2 0.3765625 0.25 0.04296875 0.06484375
2 0.36328125 0.34765625 0.04296875 0.06875
2 0.3125 0.38984375 0.04921875 0.04375
2 0.26171875 0.2921875 0.03984375 0.0734375
2 0.21015625 0.30546875 0.04609375 0.0890625
2 0.21796875 0.44765625 0.03046875 0.071875
2 0.23046875 0.51875 0.04921875 0.0515625