2 0.4453125 0.36171875 0.04765625 0.0515625
2 0.4609375 0.4203125 0.0265625 0.04296875
2 0.4875 0.4484375 0.0265625 0.03671875
2 0.546875 0.44296875 0.0421875 0.03984375
2 0.634375 0.4734375 0.021875 0.0453125
2 0.66015625 0.4484375 0.02734375 0.03671875
2 0.54765625 0.375 0.02578125 0.03828125
2 0.08359375 0.32734375 0.02265625 0.04140625
2 0.1109375 0.36015625 0.02421875 0.03203125
2 0.1265625 0.35234375 0.02578125 0.0375
2 0.15078125 0.34296875 0.03125 0.021875
2 0.14375 0.31015625 0.02109375 0.028125
2 0.0125 0.19765625 0.025 0.05703125
2 0.06953125 0.16640625 0.015625 0.04140625
2 0.5390625 0.53203125 0.03671875 0.025
2 0.60546875 0.56171875 0.02421875 0.01875
2 0.78125 0.58671875 0.0265625 0.03515625
2 0.08359375 0.3984375 0.0328125 0.0421875
2 0.0265625 0.446875 0.01796875 0.05625
2 0.04375 0.51171875 0.02734375 0.03125
2 0.0828125 0.47734375 0.02578125 0.0640625
2 0.13046875 0.45546875 0.03671875 0.0453125
2 0.14453125 0.42578125 0.03125 0.05859375
2 0.17421875 0.4 0.02109375 0.04296875
2 0.1796875 0.43828125 0.028125 0.02265625
2 0.01640625 0.03359375 0.0265625 0.053125