2 0.2390625 0.33984375 0.0375 0.09375
2 0.19921875 0.50078125 0.046875 0.0453125
2 0.16171875 0.55703125 0.04765625 0.06796875
2 0.18671875 0.6203125 0.0484375 0.07421875
2 0.32578125 0.55859375 0.10859375 0.1171875
2 0.44140625 0.45 0.03359375 0.0953125
2 0.4296875 0.53828125 0.040625 0.06640625
2 0.4609375 0.58203125 0.05078125 0.05234375
2 0.53671875 0.56171875 0.0421875 0.040625
2 0.56171875 0.740625 0.04296875 0.06875
2 0.5765625 0.31484375 0.0453125 0.0609375
2 0.63828125 0.35546875 0.0359375 0.0765625
2 0.6640625 0.36640625 0.03125 0.06640625
2 0.703125 0.41953125 0.03828125 0.08828125
2 0.78515625 0.47578125 0.0234375 0.06796875
2 0.85234375 0.3578125 0.03203125 0.08984375
2 0.88671875 0.37265625 0.0359375 0.06015625
2 0.83671875 0.528125 0.028125 0.096875
2 0.7671875 0.5625 0.0484375 0.03671875
2 0.95078125 0.6078125 0.05234375 0.0984375