2 0.28203125 0.20390625 0.0421875 0.0671875
2 0.17421875 0.221875 0.0546875 0.06484375
2 0.31484375 0.6734375 0.03046875 0.0578125
2 0.33984375 0.70859375 0.0234375 0.05390625
2 0.21015625 0.68984375 0.05 0.06328125
2 0.44453125 0.3171875 0.02734375 0.05546875
2 0.36328125 0.25390625 0.0390625 0.07421875
2 0.5875 0.2625 0.04609375 0.084375
2 0.62421875 0.375 0.04296875 0.07578125
2 0.61796875 0.48671875 0.03046875 0.0890625
2 0.7078125 0.44921875 0.02265625 0.0546875
2 0.8140625 0.42890625 0.04609375 0.08828125
2 0.41171875 0.22734375 0.02578125 0.053125