2 0.28984375 0.37890625 0.03125 0.0796875
2 0.22421875 0.31875 0.05625 0.08046875
2 0.3203125 0.30078125 0.05078125 0.10234375
2 0.21484375 0.44921875 0.03671875 0.090625
2 0.4453125 0.41875 0.046875 0.06875
2 0.48828125 0.071875 0.0421875 0.09296875
2 0.60625 0.13828125 0.0515625 0.0796875
2 0.66484375 0.4109375 0.053125 0.084375
2 0.58046875 0.528125 0.04921875 0.059375
2 0.40703125 0.56796875 0.03984375 0.059375
2 0.3578125 0.60078125 0.0265625 0.03515625
2 0.75390625 0.2984375 0.03359375 0.059375
2 0.75234375 0.38046875 0.02421875 0.05546875
2 0.78828125 0.37734375 0.0328125 0.0828125
2 0.82265625 0.4109375 0.02890625 0.0578125
2 0.8609375 0.3546875 0.028125 0.05546875
2 0.71171875 0.53203125 0.0421875 0.05234375
2 0.75078125 0.56640625 0.02890625 0.04140625
2 0.78828125 0.53203125 0.03359375 0.07109375
2 0.84921875 0.5375 0.028125 0.0484375
2 0.87109375 0.59140625 0.0375 0.05234375