2 0.64375 0.4203125 0.02734375 0.04921875
2 0.665625 0.4890625 0.0390625 0.05078125
2 0.67578125 0.5734375 0.02578125 0.0546875
2 0.7828125 0.43828125 0.04296875 0.05625
2 0.778125 0.521875 0.03359375 0.09140625
2 0.740625 0.6015625 0.03828125 0.0375
2 0.61015625 0.73828125 0.02890625 0.046875
2 0.4328125 0.72890625 0.0296875 0.028125
2 0.45546875 0.79765625 0.034375 0.03671875
2 0.36015625 0.821875 0.034375 0.04140625
2 0.47109375 0.87109375 0.05859375 0.03984375
2 0.59140625 0.81796875 0.02734375 0.03515625
2 0.6515625 0.80234375 0.0390625 0.0421875
2 0.7 0.775 0.04140625 0.053125
2 0.73671875 0.815625 0.03046875 0.04921875
2 0.6953125 0.8546875 0.0359375 0.0375
2 0.80390625 0.95703125 0.02265625 0.03828125
2 0.88515625 0.73828125 0.02890625 0.0546875