2 0.54296875 0.30625 0.04375 0.05625
2 0.4765625 0.428125 0.0421875 0.04609375
2 0.3578125 0.38203125 0.02734375 0.0421875
2 0.328125 0.35703125 0.0515625 0.0375
2 0.20234375 0.46328125 0.02578125 0.05
2 0.13125 0.43671875 0.03828125 0.078125
2 0.34921875 0.5515625 0.034375 0.053125
2 0.32578125 0.59375 0.03671875 0.0640625
2 0.496875 0.57265625 0.03359375 0.06015625
2 0.4984375 0.6484375 0.03515625 0.05
2 0.59609375 0.54609375 0.0375 0.065625
2 0.6375 0.5828125 0.040625 0.03828125
2 0.65703125 0.6421875 0.0421875 0.04296875