2 0.515625 0.4078125 0.0359375 0.0625
2 0.365625 0.52421875 0.04375 0.06015625
2 0.54453125 0.5515625 0.0421875 0.0765625
2 0.678125 0.46484375 0.028125 0.05
2 0.28359375 0.48359375 0.04765625 0.04765625
2 0.22109375 0.78984375 0.03046875 0.04453125
2 0.20390625 0.83515625 0.046875 0.04140625
2 0.11640625 0.82890625 0.0296875 0.05234375
2 0.0390625 0.93671875 0.03359375 0.06640625
2 0.13515625 0.775 0.02578125 0.05234375
2 0.19609375 0.365625 0.02890625 0.0546875
2 0.21796875 0.87421875 0.021875 0.0421875
2 0.18359375 0.97734375 0.01953125 0.04453125