2 0.40390625 0.2796875 0.01875 0.03828125
2 0.28046875 0.365625 0.02734375 0.02421875
2 0.2734375 0.4515625 0.0234375 0.0421875
2 0.34296875 0.5609375 0.01953125 0.03671875
2 0.3984375 0.425 0.025 0.03125
2 0.46953125 0.36484375 0.01796875 0.02734375
2 0.525 0.35859375 0.0234375 0.034375
2 0.49453125 0.584375 0.0234375 0.0453125
2 0.4140625 0.62734375 0.02265625 0.03046875
2 0.70859375 0.4078125 0.01953125 0.03828125
2 0.4328125 0.06796875 0.0265625 0.0609375
2 0.54609375 0.1609375 0.021875 0.046875
2 0.60234375 0.09921875 0.01875 0.05078125
2 0.171875 0.6671875 0.0265625 0.04921875