2 0.3578125 0.259375 0.0359375 0.0703125
2 0.3078125 0.2640625 0.03046875 0.05703125
2 0.27421875 0.21640625 0.0390625 0.05390625
2 0.46796875 0.36875 0.03515625 0.0609375
2 0.44609375 0.47890625 0.0296875 0.05390625
2 0.12890625 0.46328125 0.03125 0.05703125
2 0.25546875 0.09296875 0.02890625 0.03515625
2 0.2875 0.16328125 0.0171875 0.0328125
2 0.4453125 0.53359375 0.03125 0.03984375
2 0.3234375 0.65078125 0.04453125 0.04296875
2 0.684375 0.56796875 0.0234375 0.04765625
2 0.63828125 0.6484375 0.03359375 0.05390625
2 0.82109375 0.4515625 0.02890625 0.03046875
2 0.49921875 0.9171875 0.040625 0.04296875
2 0.484375 0.80234375 0.03984375 0.03828125