2 0.5703125 0.38359375 0.05234375 0.0796875
2 0.61640625 0.43046875 0.0359375 0.07265625
2 0.61328125 0.53671875 0.04609375 0.06875
2 0.48984375 0.4875 0.05625 0.071875
2 0.521875 0.56875 0.034375 0.04375
2 0.4734375 0.6546875 0.04609375 0.07421875
2 0.23515625 0.5328125 0.05 0.1
2 0.21640625 0.39375 0.05 0.06875
2 0.7390625 0.0734375 0.03671875 0.06875
2 0.846875 0.0625 0.0375 0.06796875
2 0.23984375 0.74140625 0.05 0.0546875
2 0.14453125 0.74921875 0.0578125 0.0671875
2 0.2453125 0.8375 0.0546875 0.05703125
2 0.17578125 0.56953125 0.0453125 0.05390625