2 0.415625 0.38828125 0.06953125 0.1203125
2 0.48671875 0.371875 0.05234375 0.11328125
2 0.53359375 0.35703125 0.0515625 0.0890625
2 0.49765625 0.17578125 0.03359375 0.08984375
2 0.38203125 0.165625 0.05078125 0.09609375
2 0.41484375 0.2234375 0.0328125 0.0828125
2 0.34375 0.28203125 0.034375 0.06171875
2 0.20078125 0.2640625 0.053125 0.07265625
2 0.21953125 0.6921875 0.05078125 0.0890625
2 0.16484375 0.7875 0.03359375 0.07734375
2 0.37578125 0.88203125 0.053125 0.06171875
2 0.37734375 0.61953125 0.03125 0.06484375
2 0.4203125 0.6734375 0.02734375 0.05
2 0.53359375 0.68046875 0.034375 0.07890625
2 0.49453125 0.6515625 0.04296875 0.11796875
2 0.6703125 0.6796875 0.028125 0.05859375
2 0.6703125 0.54453125 0.01875 0.04609375