2 0.39453125 0.36484375 0.034375 0.05859375
2 0.11953125 0.26875 0.0359375 0.03515625
2 0.32890625 0.11640625 0.05234375 0.084375
2 0.47109375 0.1453125 0.065625 0.06953125
2 0.56328125 0.02578125 0.0484375 0.0515625
2 0.56796875 0.403125 0.03203125 0.09609375
2 0.4484375 0.3390625 0.07578125 0.05546875
2 0.634375 0.41640625 0.03125 0.07265625
2 0.65859375 0.57421875 0.040625 0.07890625
2 0.609375 0.56953125 0.0296875 0.08125
2 0.5828125 0.61796875 0.0234375 0.08125
2 0.45546875 0.615625 0.02890625 0.08125
2 0.27578125 0.5046875 0.034375 0.090625
2 0.3921875 0.78203125 0.02578125 0.03984375