2 0.5671875 0.23984375 0.0328125 0.115625
2 0.515625 0.42421875 0.05078125 0.13046875
2 0.35703125 0.39375 0.0265625 0.07734375
2 0.3921875 0.44609375 0.04375 0.07265625
2 0.2375 0.59609375 0.02890625 0.103125
2 0.15390625 0.61796875 0.04765625 0.11171875
2 0.42578125 0.61796875 0.03671875 0.05546875
2 0.41640625 0.68828125 0.06171875 0.07890625
2 0.584375 0.5640625 0.0515625 0.0671875
2 0.61328125 0.63984375 0.04375 0.059375
2 0.68515625 0.51875 0.0484375 0.06015625
2 0.73359375 0.53984375 0.05390625 0.078125
2 0.784375 0.55625 0.0546875 0.0734375