2 0.4671875 0.28359375 0.02109375 0.0453125
2 0.52109375 0.27890625 0.028125 0.03359375
2 0.5046875 0.22109375 0.03359375 0.046875
2 0.4296875 0.74296875 0.0359375 0.08046875
2 0.4640625 0.70625 0.0265625 0.065625
2 0.38125 0.72265625 0.05 0.08125
2 0.3453125 0.7609375 0.03984375 0.07109375
2 0.359375 0.8625 0.04140625 0.0609375
2 0.45078125 0.8375 0.0421875 0.07734375
2 0.5140625 0.7859375 0.05078125 0.06796875
2 0.70546875 0.621875 0.05546875 0.07265625
2 0.71796875 0.43515625 0.04921875 0.06640625
2 0.3078125 0.88828125 0.03203125 0.059375