2 0.31171875 0.51015625 0.03671875 0.0671875
2 0.2375 0.621875 0.03515625 0.0625
2 0.1828125 0.58515625 0.02734375 0.03828125
2 0.1453125 0.6125 0.025 0.0359375
2 0.4640625 0.4109375 0.02421875 0.04140625
2 0.55546875 0.32265625 0.0234375 0.0421875
2 0.5921875 0.3921875 0.02578125 0.0453125
2 0.5625 0.49765625 0.0359375 0.04921875
2 0.6015625 0.603125 0.03203125 0.03984375
2 0.490625 0.64921875 0.03359375 0.0515625
2 0.425 0.6484375 0.01640625 0.03828125
2 0.65859375 0.43203125 0.03359375 0.0609375
2 0.74296875 0.44609375 0.034375 0.05390625
2 0.6875 0.62578125 0.021875 0.03984375
2 0.728125 0.64921875 0.03671875 0.0375
2 0.59453125 0.6703125 0.025 0.05546875
2 0.5890625 0.73125 0.0171875 0.05