2 0.17890625 0.37578125 0.03515625 0.05625
2 0.3984375 0.60234375 0.0265625 0.065625
2 0.4640625 0.49140625 0.0328125 0.05234375
2 0.56875 0.5265625 0.03359375 0.04140625
2 0.65703125 0.20703125 0.021875 0.06953125
2 0.69921875 0.196875 0.02734375 0.04609375
2 0.72109375 0.334375 0.03125 0.0546875
2 0.66328125 0.34765625 0.02265625 0.04296875
2 0.8453125 0.1125 0.0265625 0.0359375
2 0.76484375 0.30625 0.01484375 0.040625
2 0.6734375 0.4328125 0.0125 0.03984375
2 0.8390625 0.234375 0.015625 0.0515625