2 0.221875 0.371875 0.03515625 0.0484375
2 0.178125 0.784375 0.03125 0.059375
2 0.36640625 0.28828125 0.0328125 0.02734375
2 0.43203125 0.3 0.0328125 0.046875
2 0.40234375 0.240625 0.02578125 0.04453125
2 0.540625 0.31484375 0.03125 0.05078125
2 0.55703125 0.428125 0.03828125 0.0375
2 0.5890625 0.22734375 0.02734375 0.04921875
2 0.69375 0.39609375 0.0296875 0.04296875
2 0.759375 0.53671875 0.034375 0.04609375
2 0.81015625 0.37890625 0.03203125 0.0703125
2 0.8359375 0.38671875 0.02421875 0.0609375