2 0.48671875 0.3421875 0.02890625 0.0546875
2 0.53828125 0.19140625 0.021875 0.05078125
2 0.640625 0.1109375 0.0171875 0.04296875
2 0.66875 0.20390625 0.02265625 0.05625
2 0.74921875 0.14140625 0.04453125 0.053125
2 0.76171875 0.365625 0.03046875 0.06328125
2 0.46640625 0.44453125 0.0296875 0.075
2 0.21953125 0.20703125 0.0296875 0.06640625
2 0.26640625 0.50625 0.0328125 0.078125
2 0.24609375 0.63828125 0.0625 0.03359375
2 0.265625 0.68828125 0.03203125 0.04765625
2 0.28828125 0.740625 0.04921875 0.0390625
2 0.33125 0.64140625 0.0265625 0.053125
2 0.396875 0.7640625 0.075 0.053125
2 0.5015625 0.61875 0.03203125 0.06015625
2 0.6296875 0.65703125 0.03125 0.0484375
2 0.64375 0.71875 0.0234375 0.03984375
2 0.72265625 0.67734375 0.02578125 0.05390625
2 0.946875 0.19609375 0.025 0.03203125