2 0.63984375 0.34140625 0.04453125 0.0875
2 0.6890625 0.3484375 0.04296875 0.06484375
2 0.6671875 0.41484375 0.03984375 0.03828125
2 0.703125 0.4421875 0.034375 0.053125
2 0.6390625 0.48515625 0.03515625 0.0671875
2 0.7 0.5765625 0.04375 0.0765625
2 0.75078125 0.646875 0.025 0.05078125
2 0.64453125 0.61484375 0.04609375 0.0640625
2 0.55703125 0.6078125 0.02890625 0.05390625
2 0.51015625 0.63671875 0.0375 0.0578125
2 0.515625 0.72421875 0.05078125 0.05
2 0.62890625 0.7640625 0.0546875 0.05625
2 0.42890625 0.615625 0.065625 0.05703125
2 0.3796875 0.4984375 0.06953125 0.06953125
2 0.33203125 0.39375 0.03828125 0.07265625
2 0.2703125 0.365625 0.03671875 0.075
2 0.22890625 0.32265625 0.05078125 0.07265625
2 0.20078125 0.403125 0.0328125 0.06015625
2 0.26640625 0.49140625 0.03515625 0.075
2 0.2203125 0.5390625 0.046875 0.05546875
2 0.3015625 0.78046875 0.0609375 0.04765625
2 0.03359375 0.60390625 0.03203125 0.06484375
0 0.08359375 0.6203125 0.0828125 0.09140625
2 0.22578125 0.61953125 0.03203125 0.04296875
2 0.65859375 0.6953125 0.0484375 0.04296875