2 0.3828125 0.47421875 0.02421875 0.05
2 0.2890625 0.4640625 0.0453125 0.04296875
2 0.20625 0.40390625 0.03828125 0.04296875
2 0.371875 0.61484375 0.05625 0.04921875
2 0.26484375 0.76796875 0.05625 0.0421875
2 0.4359375 0.79140625 0.04140625 0.07578125
2 0.50078125 0.73984375 0.04609375 0.08359375
2 0.55703125 0.58984375 0.0328125 0.0640625
2 0.52578125 0.5015625 0.0375 0.10703125
2 0.615625 0.55234375 0.034375 0.08125
2 0.58515625 0.2921875 0.0390625 0.06640625
2 0.753125 0.4171875 0.04296875 0.0734375
2 0.6703125 0.57265625 0.046875 0.103125
2 0.58671875 0.3015625 0.03125 0.03125