2 0.34921875 0.36015625 0.03203125 0.06796875
2 0.45390625 0.3953125 0.0484375 0.071875
2 0.58984375 0.4078125 0.03671875 0.0796875
2 0.6765625 0.35859375 0.04609375 0.08203125
2 0.52421875 0.5421875 0.0453125 0.08046875
2 0.44296875 0.7140625 0.03046875 0.0953125
2 0.5640625 0.69765625 0.034375 0.04765625
2 0.66953125 0.5796875 0.0546875 0.1015625
2 0.75546875 0.54765625 0.04375 0.10546875
2 0.696875 0.5015625 0.04453125 0.103125
2 0.69140625 0.653125 0.0453125 0.0484375
2 0.84921875 0.4890625 0.05 0.10625
0 0.6171875 0.57421875 0.04296875 0.07890625
0 0.51640625 0.68203125 0.0515625 0.075