2 0.525 0.43203125 0.053125 0.10703125
2 0.4890625 0.284375 0.0546875 0.09375
2 0.66875 0.06328125 0.06953125 0.07265625
2 0.90703125 0.08046875 0.06875 0.07578125
2 0.93203125 0.17734375 0.04453125 0.0828125
2 0.47734375 0.6859375 0.05703125 0.08984375
2 0.23984375 0.5640625 0.05703125 0.0703125
2 0.115625 0.60546875 0.04609375 0.0796875
2 0.653125 0.73828125 0.06015625 0.10546875
2 0.81015625 0.6796875 0.05 0.053125
2 0.73046875 0.6421875 0.03046875 0.053125
2 0.896875 0.5421875 0.053125 0.0703125