2 0.65234375 0.38515625 0.03046875 0.0671875
2 0.35 0.30234375 0.03359375 0.07890625
2 0.28203125 0.26328125 0.03046875 0.0515625
2 0.3046875 0.36171875 0.0328125 0.06640625
2 0.3953125 0.33125 0.03984375 0.059375
2 0.39765625 0.41640625 0.04609375 0.07109375
2 0.43359375 0.3640625 0.0359375 0.06640625
2 0.47421875 0.40546875 0.02109375 0.04375
2 0.40703125 0.50078125 0.0234375 0.05234375
2 0.2109375 0.525 0.0328125 0.034375
2 0.2625 0.67265625 0.04296875 0.0359375
2 0.35625 0.66953125 0.028125 0.05390625
2 0.4078125 0.7625 0.0203125 0.05
2 0.5375 0.7828125 0.03125 0.06484375
2 0.72734375 0.68828125 0.03203125 0.053125
2 0.70078125 0.4359375 0.040625 0.05625
2 0.87265625 0.24296875 0.03203125 0.053125
2 0.3 0.43984375 0.0265625 0.05
3 0.15 0.43671875 0.15234375 0.290625
3 0.32421875 0.45546875 0.03828125 0.078125
3 0.484375 0.446875 0.05859375 0.04921875
3 0.56796875 0.425 0.08125 0.0921875
3 0.36796875 0.75078125 0.0609375 0.0734375
3 0.77421875 0.275 0.0796875 0.31328125