0 0.3546875 0.31875 0.03046875 0.05546875
0 0.4421875 0.35703125 0.03203125 0.053125
0 0.84375 0.74140625 0.0328125 0.065625
0 0.34609375 0.26171875 0.03359375 0.05234375
2 0.2375 0.37421875 0.046875 0.040625
2 0.2734375 0.4875 0.02890625 0.05703125
2 0.1359375 0.509375 0.0265625 0.065625
2 0.321875 0.38046875 0.0234375 0.0546875
2 0.42421875 0.44296875 0.03828125 0.06640625
2 0.5140625 0.36875 0.02265625 0.08125
2 0.63515625 0.67734375 0.034375 0.05078125
2 0.66796875 0.7625 0.0421875 0.065625
2 0.7859375 0.6078125 0.03671875 0.0421875
2 0.71796875 0.41328125 0.02421875 0.06171875
2 0.76875 0.46484375 0.02734375 0.05
2 0.55625 0.36015625 0.02421875 0.06328125
2 0.634375 0.3859375 0.025 0.071875
2 0.30859375 0.5625 0.03046875 0.0484375
2 0.3375 0.628125 0.02890625 0.04453125
2 0.4265625 0.63359375 0.03203125 0.046875
2 0.4015625 0.5890625 0.0203125 0.04296875
2 0.56171875 0.95078125 0.0203125 0.02890625
2 0.553125 0.92109375 0.01875 0.03203125
2 0.475 0.9515625 0.03203125 0.0578125
2 0.4359375 0.91953125 0.01953125 0.04765625
2 0.40625 0.95078125 0.0328125 0.04921875
2 0.45390625 0.8890625 0.02109375 0.0671875
2 0.834375 0.5109375 0.0328125 0.04453125
2 0.87578125 0.390625 0.03515625 0.04765625
2 0.85859375 0.6 0.03359375 0.05703125
2 0.70078125 0.50703125 0.03046875 0.03671875
2 0.72265625 0.54765625 0.05234375 0.0390625