2 0.4359375 0.37734375 0.06875 0.059375
2 0.4359375 0.478125 0.04140625 0.0671875
2 0.23046875 0.39296875 0.046875 0.08671875
2 0.56015625 0.2078125 0.04453125 0.07734375
2 0.590625 0.265625 0.07109375 0.07890625
2 0.69296875 0.4328125 0.05390625 0.18203125
2 0.62109375 0.453125 0.03984375 0.12265625
2 0.4953125 0.6203125 0.04140625 0.12109375
2 0.65078125 0.71875 0.0421875 0.15234375
2 0.36171875 0.72734375 0.05625 0.1109375
2 0.22421875 0.79296875 0.071875 0.10703125
2 0.0875 0.49765625 0.05078125 0.08359375