3 0.515625 0.82734375 0.0484375 0.0734375
3 0.2515625 0.25546875 0.046875 0.0453125
3 0.24609375 0.30234375 0.03046875 0.06484375
3 0.20234375 0.3046875 0.05 0.0578125
3 0.10625 0.29453125 0.06171875 0.06796875
3 0.15859375 0.3 0.03984375 0.11328125
3 0.19609375 0.234375 0.03046875 0.05625
3 0.2140625 0.484375 0.42578125 0.19765625
3 0.47109375 0.45078125 0.0453125 0.06484375
3 0.44296875 0.38515625 0.046875 0.06640625
3 0.41953125 0.225 0.0328125 0.05234375
3 0.49375 0.2296875 0.0578125 0.0734375
3 0.55546875 0.2359375 0.04765625 0.08671875
3 0.5109375 0.5375 0.03125 0.0609375
3 0.45390625 0.7265625 0.0390625 0.07265625
3 0.31328125 0.68828125 0.040625 0.0734375
3 0.3828125 0.7421875 0.03984375 0.0796875
3 0.43125 0.815625 0.04765625 0.0578125
3 0.47578125 0.7859375 0.0421875 0.053125
3 0.56484375 0.5953125 0.0640625 0.1125
3 0.675 0.62109375 0.04921875 0.04375
3 0.5984375 0.74140625 0.0421875 0.08984375
3 0.65546875 0.72265625 0.05390625 0.096875
3 0.5703125 0.5171875 0.028125 0.053125
3 0.63125 0.31484375 0.034375 0.0671875
3 0.6671875 0.28203125 0.04140625 0.05390625
3 0.6265625 0.19921875 0.046875 0.0796875
3 0.7203125 0.25546875 0.025 0.05390625
3 0.75078125 0.3234375 0.0421875 0.0796875
3 0.725 0.440625 0.04296875 0.065625
3 0.71171875 0.67109375 0.04296875 0.065625
3 0.7484375 0.715625 0.07265625 0.12421875
3 0.44453125 0.65078125 0.028125 0.05078125
3 0.33359375 0.63203125 0.0265625 0.04296875
3 0.81875 0.428125 0.0375 0.06484375
3 0.90625 0.76171875 0.15234375 0.19375
3 0.7859375 0.80078125 0.034375 0.04375
3 0.86875 0.58671875 0.02734375 0.0609375
3 0.67890625 0.2203125 0.04765625 0.06171875