3 0.4421875 0.23515625 0.06328125 0.11015625
3 0.5203125 0.24453125 0.059375 0.08828125
3 0.49375 0.13359375 0.075 0.0609375
3 0.61015625 0.2421875 0.0453125 0.11484375
3 0.70234375 0.20546875 0.08828125 0.11328125
3 0.69453125 0.3734375 0.0703125 0.08046875
3 0.76015625 0.39296875 0.06171875 0.14296875
3 0.9734375 0.34453125 0.053125 0.115625
3 0.628125 0.54375 0.0453125 0.065625
3 0.69921875 0.56328125 0.0390625 0.10390625
3 0.64453125 0.73828125 0.0828125 0.14375
3 0.45625 0.6296875 0.07265625 0.13125
3 0.3625 0.5875 0.04453125 0.1078125
3 0.24765625 0.61015625 0.0640625 0.1078125
3 0.29921875 0.62265625 0.059375 0.109375
3 0.28828125 0.78046875 0.10078125 0.14609375
3 0.61171875 0.859375 0.0953125 0.09296875
3 0.69296875 0.86484375 0.08125 0.06015625
3 0.09921875 0.6484375 0.15859375 0.165625
3 0.790625 0.9484375 0.05390625 0.103125
3 0.94140625 0.78125 0.1171875 0.4375