0 0.15703125 0.63984375 0.08125 0.134375
0 0.2875 0.74765625 0.0640625 0.13515625
0 0.33203125 0.56640625 0.04765625 0.090625
0 0.4921875 0.696875 0.04375 0.08359375
0 0.5265625 0.6046875 0.084375 0.0671875
0 0.5421875 0.76640625 0.0890625 0.1703125
0 0.7671875 0.61171875 0.06171875 0.1109375
0 0.72265625 0.49453125 0.0453125 0.08203125
0 0.6671875 0.46484375 0.053125 0.06484375
0 0.784375 0.45 0.05703125 0.08125
0 0.6203125 0.3296875 0.05 0.0671875
0 0.7015625 0.33828125 0.04765625 0.09453125
0 0.43046875 0.4625 0.04609375 0.02890625
0 0.671875 0.8171875 0.04921875 0.11484375
0 0.31796875 0.9546875 0.10859375 0.08984375