0 0.3203125 0.47421875 0.046875 0.09765625
0 0.45703125 0.48671875 0.0578125 0.075
0 0.4078125 0.54140625 0.06015625 0.04140625
0 0.35703125 0.61953125 0.03828125 0.0625
0 0.4109375 0.796875 0.05625 0.09609375
0 0.55859375 0.8015625 0.0515625 0.0984375
0 0.6046875 0.81640625 0.0515625 0.11953125
0 0.6640625 0.790625 0.05234375 0.0921875
0 0.73359375 0.69375 0.03203125 0.10234375
0 0.7546875 0.765625 0.04296875 0.09296875
0 0.7546875 0.92109375 0.0796875 0.1578125
0 0.65 0.946875 0.059375 0.0859375