0 0.30625 0.26328125 0.0515625 0.08359375
0 0.58046875 0.3078125 0.0453125 0.05078125
0 0.70078125 0.42421875 0.03359375 0.07890625
0 0.61796875 0.24296875 0.03984375 0.0546875
0 0.3125 0.62421875 0.0375 0.06484375
0 0.2625 0.68203125 0.04296875 0.0796875
0 0.2671875 0.7453125 0.03671875 0.0484375
0 0.253125 0.79765625 0.04296875 0.0375
0 0.13828125 0.584375 0.03125 0.053125
0 0.12109375 0.64375 0.04140625 0.04375
0 0.11484375 0.80078125 0.046875 0.06328125
0 0.24609375 0.896875 0.05390625 0.09375
0 0.2875 0.86015625 0.03203125 0.0609375
0 0.30859375 0.81640625 0.03828125 0.0328125
0 0.346875 0.77890625 0.05625 0.05625
0 0.365625 0.88828125 0.06171875 0.07734375
0 0.3546875 0.9578125 0.04609375 0.0828125
0 0.31640625 0.92578125 0.0390625 0.05859375
0 0.45390625 0.84140625 0.0671875 0.0875
0 0.5140625 0.8203125 0.04609375 0.10625
0 0.48203125 0.71484375 0.0328125 0.05078125