0 0.4 0.30625 0.05234375 0.0953125
0 0.31640625 0.31640625 0.02890625 0.08984375
0 0.4265625 0.4375 0.05 0.075
0 0.41640625 0.528125 0.03359375 0.08046875
0 0.44140625 0.5390625 0.021875 0.04921875
0 0.5234375 0.5703125 0.04609375 0.06484375
0 0.58046875 0.74609375 0.05546875 0.1171875
0 0.609375 0.6828125 0.05703125 0.06171875
0 0.59140625 0.56875 0.028125 0.0671875
0 0.54765625 0.484375 0.0296875 0.04765625
0 0.65703125 0.54140625 0.0375 0.05625
0 0.7171875 0.32421875 0.03203125 0.04140625
0 0.71640625 0.378125 0.040625 0.08671875
0 0.73046875 0.4546875 0.0171875 0.05703125
0 0.79140625 0.41484375 0.02734375 0.0640625
0 0.775 0.5 0.040625 0.05234375
0 0.71328125 0.5828125 0.021875 0.0640625
0 0.64296875 0.82109375 0.040625 0.05859375
0 0.6859375 0.790625 0.04296875 0.11875
0 0.75859375 0.725 0.028125 0.0625
0 0.73125 0.65234375 0.06171875 0.053125