0 0.3515625 0.18125 0.04375 0.06640625
0 0.3421875 0.2609375 0.034375 0.05390625
0 0.26875 0.30625 0.04453125 0.046875
0 0.34296875 0.3640625 0.03984375 0.0390625
0 0.3828125 0.35078125 0.0359375 0.0921875
0 0.4234375 0.3703125 0.028125 0.0984375
0 0.3984375 0.43359375 0.0421875 0.0734375
0 0.49296875 0.3875 0.0703125 0.096875
0 0.21015625 0.40234375 0.03515625 0.07421875
0 0.2390625 0.80859375 0.021875 0.09296875
0 0.38046875 0.68984375 0.0453125 0.1109375
0 0.55078125 0.728125 0.05625 0.1015625
0 0.59296875 0.5390625 0.06328125 0.08828125
0 0.64296875 0.52109375 0.03984375 0.0734375
0 0.59921875 0.36875 0.0375 0.08203125
0 0.59375 0.215625 0.04375 0.0671875
0 0.61953125 0.2796875 0.0296875 0.078125
0 0.64296875 0.35078125 0.05 0.10078125
0 0.68125 0.36328125 0.0328125 0.071875
0 0.6921875 0.2765625 0.04921875 0.10703125
0 0.72265625 0.38125 0.03828125 0.09609375
0 0.284375 0.25078125 0.03828125 0.06328125
0 0.15625 0.675 0.02890625 0.05
0 0.1265625 0.715625 0.0328125 0.07578125
0 0.21484375 0.76015625 0.01953125 0.0375