0 0.61484375 0.153125 0.08359375 0.11796875
0 0.57109375 0.31953125 0.0625 0.0875
0 0.54375 0.4265625 0.059375 0.05859375
0 0.65 0.4796875 0.07421875 0.07890625
0 0.653125 0.5984375 0.040625 0.07734375
0 0.6890625 0.8078125 0.0828125 0.11875
0 0.3859375 0.5265625 0.0859375 0.075
0 0.37265625 0.37578125 0.03984375 0.0703125
0 0.4671875 0.09609375 0.05078125 0.0609375
0 0.33984375 0.61875 0.02578125 0.06875
0 0.38046875 0.67109375 0.04765625 0.11015625
0 0.446875 0.71875 0.02890625 0.0515625
0 0.478125 0.721875 0.0265625 0.0734375