0 0.346875 0.4515625 0.04921875 0.059375
0 0.31328125 0.521875 0.04609375 0.065625
0 0.3203125 0.60234375 0.03046875 0.0625
0 0.27578125 0.62265625 0.05 0.06953125
0 0.22109375 0.703125 0.075 0.13671875
0 0.42421875 0.68203125 0.03515625 0.053125
0 0.4140625 0.52109375 0.0328125 0.07265625
0 0.44296875 0.55859375 0.0390625 0.0703125
0 0.48671875 0.53046875 0.05234375 0.05078125
0 0.52265625 0.44296875 0.07265625 0.08515625
0 0.5546875 0.5125 0.03359375 0.05
0 0.5875 0.765625 0.04921875 0.0859375
0 0.628125 0.81484375 0.046875 0.05625
0 0.5625 0.8453125 0.0875 0.1484375
0 0.61875 0.88515625 0.03046875 0.075
0 0.65078125 0.85859375 0.034375 0.03125
0 0.728125 0.60390625 0.103125 0.0921875
0 0.5453125 0.96796875 0.03515625 0.059375
0 0.57890625 0.3109375 0.04375 0.09765625