0 0.41875 0.5375 0.0515625 0.07890625
0 0.47578125 0.5984375 0.05 0.06953125
0 0.49296875 0.7484375 0.05078125 0.0734375
0 0.53984375 0.0703125 0.071875 0.08828125
0 0.6984375 0.14921875 0.03046875 0.06875
0 0.6671875 0.12265625 0.0390625 0.08828125
0 0.7203125 0.284375 0.0484375 0.08515625
0 0.7265625 0.39453125 0.03984375 0.08359375
0 0.6890625 0.43828125 0.040625 0.08984375
0 0.5890625 0.5390625 0.0375 0.03671875
0 0.6578125 0.54609375 0.02578125 0.05390625
0 0.66328125 0.653125 0.04453125 0.0875
0 0.7171875 0.58046875 0.053125 0.07890625
0 0.76171875 0.48046875 0.0796875 0.07265625
0 0.796875 0.7125 0.0390625 0.08515625
0 0.64375 0.77265625 0.05703125 0.0734375
0 0.5703125 0.7875 0.05 0.06640625
0 0.62265625 0.83203125 0.0265625 0.0453125