0 0.5828125 0.2 0.053125 0.08125
0 0.53515625 0.2375 0.02734375 0.04765625
0 0.471875 0.22109375 0.03125 0.04453125
0 0.39609375 0.29375 0.05390625 0.11796875
0 0.31953125 0.25234375 0.04375 0.08125
0 0.24375 0.153125 0.04453125 0.12421875
0 0.25234375 0.25078125 0.04921875 0.04140625
0 0.33046875 0.1921875 0.05234375 0.03515625
0 0.39765625 0.41328125 0.07421875 0.10625
0 0.3234375 0.4921875 0.084375 0.0953125
0 0.4671875 0.30703125 0.0390625 0.0703125
0 0.5046875 0.2984375 0.03828125 0.0703125
0 0.54375 0.36328125 0.04375 0.075
0 0.61953125 0.3015625 0.04609375 0.07109375
0 0.68046875 0.30625 0.04453125 0.06875
0 0.61640625 0.24296875 0.02890625 0.04140625