0 0.3875 0.37578125 0.03984375 0.0546875
0 0.56328125 0.4 0.01875 0.0765625
0 0.60703125 0.3671875 0.0421875 0.0375
0 0.625 0.334375 0.06640625 0.02578125
0 0.590625 0.484375 0.0359375 0.0625
0 0.45234375 0.49921875 0.04921875 0.04765625
0 0.53046875 0.58671875 0.025 0.04296875
0 0.54609375 0.56015625 0.0265625 0.04453125
0 0.575 0.59765625 0.0203125 0.05546875
0 0.65625 0.60234375 0.0375 0.06484375
0 0.36796875 0.64140625 0.02578125 0.05390625
0 0.28671875 0.72421875 0.02109375 0.03203125
0 0.28984375 0.76328125 0.03125 0.053125
0 0.24453125 0.75859375 0.0484375 0.07578125
0 0.2171875 0.79375 0.02890625 0.03359375
0 0.30703125 0.80625 0.046875 0.04609375
0 0.16015625 0.79765625 0.0875 0.19921875
0 0.428125 0.86796875 0.03125 0.0515625
0 0.45390625 0.82578125 0.04453125 0.06328125
0 0.50390625 0.87421875 0.06015625 0.07109375
0 0.4890625 0.80234375 0.0296875 0.03828125
0 0.14921875 0.1078125 0.025 0.04296875
0 0.20234375 0.1453125 0.0296875 0.01640625
0 0.23515625 0.1125 0.02890625 0.046875
0 0.20703125 0.19453125 0.05 0.0328125
0 0.14375 0.28125 0.02421875 0.03828125
0 0.1609375 0.39375 0.05078125 0.046875
0 0.36875 0.06484375 0.04765625 0.0765625
0 0.465625 0.07421875 0.04375 0.046875
0 0.48671875 0.02578125 0.046875 0.03515625
0 0.7140625 0.33828125 0.05078125 0.0796875
0 0.76484375 0.32421875 0.040625 0.0578125
0 0.209375 0.2640625 0.025 0.04765625
0 0.84296875 0.4125 0.1203125 0.12578125