0 0.3609375 0.16015625 0.06328125 0.10625
0 0.50546875 0.11171875 0.07578125 0.084375
0 0.65625 0.07890625 0.08125 0.11953125
0 0.71640625 0.1421875 0.053125 0.0828125
0 0.5984375 0.41875 0.04453125 0.0828125
0 0.625 0.4671875 0.0453125 0.0546875
0 0.65234375 0.57734375 0.03984375 0.04765625
0 0.7453125 0.59453125 0.03203125 0.07578125
0 0.4578125 0.45546875 0.0328125 0.09765625
0 0.5375 0.4734375 0.03046875 0.09140625
0 0.4953125 0.46015625 0.05625 0.09296875
0 0.46171875 0.575 0.05 0.0890625
0 0.4859375 0.68515625 0.09375 0.2015625
0 0.4046875 0.73828125 0.04375 0.07578125
0 0.38203125 0.575 0.05625 0.096875
0 0.39140625 0.4640625 0.0671875 0.08203125
0 0.36328125 0.26171875 0.08125 0.0953125
0 0.3578125 0.34296875 0.06875 0.07890625
0 0.26640625 0.315625 0.08828125 0.08046875
0 0.2625 0.4 0.0359375 0.0734375
0 0.28984375 0.4890625 0.04609375 0.0546875
0 0.21796875 0.4171875 0.0484375 0.10390625
0 0.25390625 0.63671875 0.05703125 0.09765625