0 0.421875 0.575 0.05078125 0.1125
0 0.32421875 0.3 0.0328125 0.071875
0 0.3953125 0.29296875 0.04296875 0.06953125
0 0.5609375 0.33984375 0.065625 0.0765625
0 0.66796875 0.6265625 0.04765625 0.10703125
0 0.59921875 0.678125 0.0625 0.10546875
0 0.5234375 0.7328125 0.0421875 0.0953125
0 0.54609375 0.81953125 0.06875 0.12890625
0 0.359375 0.815625 0.053125 0.11171875
0 0.70546875 0.74609375 0.09453125 0.0875
2 0.528125 0.27109375 0.0453125 0.04375
0 0.77734375 0.48203125 0.0390625 0.06484375
0 0.3625 0.5171875 0.0375 0.1234375
0 0.11875 0.171875 0.0671875 0.0890625
0 0.2125 0.0578125 0.04296875 0.06875
0 0.0765625 0.03671875 0.06953125 0.06875
0 0.040625 0.146875 0.04609375 0.08515625
3 0.103125 0.6625 0.13125 0.41875
3 0.49296875 0.81875 0.39140625 0.2828125
3 0.49140625 0.321875 0.43203125 0.4796875