0 0.45546875 0.43828125 0.0578125 0.140625
0 0.49453125 0.26953125 0.04296875 0.08203125
0 0.54921875 0.30625 0.03984375 0.07578125
0 0.4640625 0.34453125 0.0609375 0.0375
0 0.36953125 0.19921875 0.0484375 0.053125
0 0.3328125 0.253125 0.03203125 0.0375
0 0.3703125 0.25546875 0.028125 0.04765625
0 0.29140625 0.31640625 0.0578125 0.078125
0 0.26171875 0.42265625 0.03828125 0.04765625
0 0.26640625 0.509375 0.0453125 0.06796875
0 0.334375 0.47421875 0.0296875 0.0484375
0 0.29609375 0.48125 0.02109375 0.0515625
0 0.50546875 0.5484375 0.03515625 0.05625
0 0.63046875 0.62265625 0.040625 0.05859375
0 0.65078125 0.76328125 0.040625 0.0703125