0 0.4078125 0.303125 0.0453125 0.1109375
0 0.4546875 0.28828125 0.0484375 0.0984375
0 0.46796875 0.3796875 0.0484375 0.08359375
0 0.509375 0.48046875 0.0515625 0.0546875
0 0.54765625 0.428125 0.0375 0.06484375
0 0.5859375 0.4453125 0.034375 0.053125
0 0.5796875 0.278125 0.0453125 0.06171875
0 0.61953125 0.25703125 0.05625 0.04453125
0 0.659375 0.4796875 0.03359375 0.05703125
0 0.71328125 0.58359375 0.03828125 0.0546875
0 0.74921875 0.528125 0.06171875 0.0671875
0 0.69375 0.5359375 0.05625 0.05234375
0 0.25234375 0.53515625 0.05859375 0.08125
0 0.23125 0.45 0.03984375 0.0453125
0 0.39296875 0.7046875 0.03828125 0.0796875
0 0.34609375 0.86328125 0.046875 0.07109375
0 0.459375 0.85703125 0.04296875 0.07421875
0 0.31640625 0.2359375 0.03671875 0.06640625
0 0.353125 0.3015625 0.0390625 0.05625
0 0.3609375 0.221875 0.0359375 0.07578125