0 0.3984375 0.2671875 0.03984375 0.0625
0 0.33359375 0.3875 0.0375 0.12265625
0 0.47109375 0.1171875 0.03671875 0.07265625
0 0.52265625 0.184375 0.03984375 0.0515625
0 0.5953125 0.13671875 0.02421875 0.06484375
0 0.63046875 0.19765625 0.025 0.03984375
0 0.7171875 0.10078125 0.0390625 0.12109375
0 0.596875 0.3296875 0.0375 0.08203125
0 0.534375 0.29453125 0.03046875 0.0453125
0 0.6140625 0.52265625 0.0625 0.09375
0 0.6921875 0.37265625 0.03359375 0.0703125
0 0.66171875 0.34140625 0.0359375 0.090625
0 0.72578125 0.34296875 0.034375 0.04375
0 0.68828125 0.2890625 0.03671875 0.07578125
0 0.80625 0.2234375 0.0265625 0.0640625
0 0.825 0.29765625 0.03515625 0.08671875
0 0.7703125 0.3125 0.02421875 0.05703125
0 0.44140625 0.6359375 0.0390625 0.0734375
0 0.328125 0.60234375 0.05390625 0.06171875