0 0.4265625 0.42890625 0.03984375 0.06328125
0 0.52265625 0.375 0.0578125 0.0625
0 0.33671875 0.575 0.04375 0.09375
0 0.36796875 0.634375 0.03203125 0.04609375
0 0.40625 0.68046875 0.0375 0.04296875
0 0.40390625 0.61796875 0.05703125 0.059375
0 0.440625 0.63046875 0.01953125 0.06484375
0 0.4703125 0.6859375 0.03515625 0.0703125
0 0.4390625 0.5421875 0.0421875 0.0578125
0 0.73203125 0.30078125 0.02109375 0.05546875
0 0.76328125 0.4015625 0.015625 0.0609375
0 0.80390625 0.4 0.021875 0.046875
0 0.809375 0.121875 0.06875 0.05546875
0 0.796875 0.52265625 0.04765625 0.05703125