0 0.565625 0.59375 0.05234375 0.0828125
0 0.61953125 0.72421875 0.05859375 0.0375
0 0.77890625 0.73671875 0.05078125 0.03984375
0 0.81953125 0.55390625 0.059375 0.06328125
0 0.85546875 0.63515625 0.04453125 0.065625
0 0.70078125 0.45546875 0.0484375 0.0421875
0 0.65625 0.3703125 0.046875 0.08828125
0 0.684375 0.3296875 0.02734375 0.09453125
0 0.64296875 0.23671875 0.03046875 0.053125
0 0.72890625 0.31796875 0.04609375 0.12421875
0 0.7890625 0.3078125 0.0203125 0.05078125
0 0.4109375 0.08203125 0.04453125 0.08046875
0 0.475 0.1 0.0390625 0.06015625
0 0.53828125 0.08359375 0.0234375 0.04765625
0 0.525 0.03203125 0.03125 0.06328125
0 0.4390625 0.04140625 0.03125 0.06015625
0 0.3640625 0.10546875 0.025 0.0640625
0 0.3671875 0.17890625 0.0265625 0.05078125
0 0.35390625 0.03203125 0.03671875 0.0640625
0 0.36640625 0.28515625 0.03671875 0.08359375