0 0.28984375 0.303125 0.06171875 0.07421875
0 0.63203125 0.203125 0.0734375 0.08359375
0 0.60703125 0.38515625 0.046875 0.07265625
0 0.31484375 0.3984375 0.06484375 0.0515625
0 0.3 0.475 0.08203125 0.08828125
0 0.73046875 0.62734375 0.04609375 0.096875
0 0.71640625 0.51484375 0.0375 0.07890625
0 0.3875 0.76953125 0.0390625 0.0453125
0 0.48359375 0.84921875 0.03203125 0.0390625
0 0.38828125 0.87578125 0.05859375 0.0703125
0 0.67265625 0.846875 0.04765625 0.08359375
0 0.7171875 0.753125 0.05859375 0.07578125