0 0.36015625 0.284375 0.0515625 0.05234375
0 0.42578125 0.2765625 0.0578125 0.10390625
0 0.29140625 0.17578125 0.0390625 0.0484375
0 0.30078125 0.21640625 0.04375 0.05390625
0 0.30546875 0.2609375 0.01953125 0.05234375
0 0.26171875 0.29140625 0.034375 0.0421875
0 0.384375 0.3421875 0.03359375 0.059375
0 0.40234375 0.41015625 0.0265625 0.0375
0 0.4390625 0.42734375 0.03046875 0.05625
0 0.5484375 0.42109375 0.0421875 0.0484375
0 0.584375 0.4390625 0.03125 0.05078125
0 0.5703125 0.3890625 0.02578125 0.04375
0 0.59453125 0.515625 0.05078125 0.065625
0 0.740625 0.37578125 0.04765625 0.06796875
0 0.7296875 0.49296875 0.0484375 0.05546875
0 0.6328125 0.34609375 0.08515625 0.1296875
0 0.47890625 0.65390625 0.0515625 0.08671875
0 0.29453125 0.7046875 0.053125 0.05859375
0 0.196875 0.54765625 0.0390625 0.05
0 0.15234375 0.56171875 0.04453125 0.05546875
0 0.36953125 0.8828125 0.04375 0.06171875
0 0.4875 0.86015625 0.053125 0.06953125
0 0.5375 0.74375 0.053125 0.0734375
0 0.7203125 0.74296875 0.0984375 0.065625
0 0.809375 0.7359375 0.04609375 0.06328125
0 0.82890625 0.67890625 0.07578125 0.05703125
0 0.90625 0.6375 0.06328125 0.109375
0 0.82890625 0.359375 0.04921875 0.040625
0 0.95703125 0.39296875 0.04140625 0.08984375
0 0.95234375 0.71484375 0.04140625 0.0421875
0 0.31015625 0.58046875 0.0375 0.09765625