0 0.303125 0.3046875 0.040625 0.0921875
0 0.31328125 0.371875 0.034375 0.046875
0 0.27421875 0.3921875 0.02578125 0.07578125
0 0.36640625 0.38125 0.046875 0.0890625
0 0.3796875 0.4453125 0.0328125 0.0421875
0 0.39375 0.5 0.02265625 0.04921875
0 0.4265625 0.51875 0.0375 0.05625
0 0.41484375 0.38046875 0.0453125 0.10859375
0 0.4609375 0.40859375 0.053125 0.0671875
0 0.4609375 0.30390625 0.05625 0.03125
0 0.46875 0.3640625 0.03203125 0.04609375
0 0.16640625 0.6234375 0.0328125 0.07734375
0 0.21640625 0.6125 0.02734375 0.059375
0 0.296875 0.646875 0.0296875 0.046875
0 0.28515625 0.7515625 0.04296875 0.0546875
0 0.34453125 0.91171875 0.046875 0.1203125
0 0.44453125 0.896875 0.065625 0.06015625
0 0.4484375 0.7140625 0.04453125 0.07265625
0 0.4953125 0.803125 0.0453125 0.06640625
0 0.52421875 0.51953125 0.02578125 0.04296875
0 0.55390625 0.5390625 0.028125 0.0609375
0 0.5390625 0.484375 0.0328125 0.04765625
0 0.56015625 0.59765625 0.05546875 0.05078125
0 0.6859375 0.4640625 0.04609375 0.0703125
0 0.60078125 0.4484375 0.08984375 0.11015625
0 0.63359375 0.51640625 0.03125 0.03125
0 0.68359375 0.6 0.03046875 0.0578125
0 0.66328125 0.81171875 0.07890625 0.04765625
0 0.7453125 0.80859375 0.06953125 0.04453125
0 0.7578125 0.74140625 0.053125 0.096875
0 0.84140625 0.725 0.06484375 0.0890625
0 0.896875 0.80625 0.0421875 0.0421875
0 0.90390625 0.51328125 0.0453125 0.0640625
0 0.79375 0.4796875 0.03203125 0.0453125
0 0.96015625 0.6328125 0.03125 0.103125
0 0.9875 0.80234375 0.025 0.1109375
0 0.96484375 0.34609375 0.0390625 0.0515625