0 0.3546875 0.2078125 0.059375 0.059375
0 0.359375 0.29921875 0.03671875 0.06875
0 0.3453125 0.3609375 0.04609375 0.0609375
0 0.1546875 0.55703125 0.071875 0.0609375
0 0.48125 0.51328125 0.05078125 0.10546875
0 0.6828125 0.49609375 0.0609375 0.1015625
0 0.54375 0.07890625 0.03671875 0.075
0 0.596875 0.10078125 0.03125 0.06171875
0 0.63671875 0.1 0.02421875 0.059375
0 0.43515625 0.14453125 0.04296875 0.0453125
0 0.1234375 0.28515625 0.059375 0.07421875
0 0.22578125 0.090625 0.0359375 0.05078125
0 0.090625 0.11796875 0.0375 0.0484375