0 0.425 0.34921875 0.05234375 0.084375
0 0.43359375 0.14453125 0.05859375 0.1203125
0 0.49296875 0.203125 0.0421875 0.09921875
0 0.5265625 0.1546875 0.0453125 0.08515625
0 0.53828125 0.3953125 0.08671875 0.07890625
0 0.41484375 0.490625 0.07578125 0.13828125
0 0.31953125 0.44453125 0.053125 0.0796875
0 0.27109375 0.39140625 0.05625 0.071875
0 0.20625 0.49453125 0.03984375 0.06015625
0 0.575 0.77109375 0.05390625 0.11171875
0 0.646875 0.67265625 0.0421875 0.07421875
0 0.86015625 0.2828125 0.08046875 0.09375