0 0.5171875 0.3453125 0.0421875 0.05390625
0 0.55390625 0.35859375 0.028125 0.06875
0 0.58046875 0.41953125 0.0453125 0.059375
0 0.71015625 0.35703125 0.0296875 0.071875
0 0.74609375 0.42265625 0.04609375 0.053125
0 0.59609375 0.1640625 0.034375 0.084375
0 0.49921875 0.21875 0.0375 0.03984375
0 0.43359375 0.41171875 0.0375 0.040625
0 0.38828125 0.43125 0.04296875 0.04609375
0 0.36953125 0.3421875 0.0328125 0.0625
0 0.34140625 0.30625 0.025 0.065625
0 0.37578125 0.2203125 0.03046875 0.03984375
0 0.39375 0.16640625 0.0296875 0.05546875
0 0.4296875 0.16484375 0.04296875 0.0609375
2 0.46796875 0.87890625 0.053125 0.04296875