0 0.44453125 0.32109375 0.04296875 0.05703125
0 0.40859375 0.23828125 0.05 0.0609375
0 0.38671875 0.13046875 0.04609375 0.07890625
0 0.33125 0.459375 0.0421875 0.07109375
0 0.31328125 0.5328125 0.03671875 0.046875
0 0.26875 0.56875 0.0265625 0.05234375
0 0.19453125 0.45390625 0.021875 0.05234375
0 0.15390625 0.6375 0.0328125 0.04296875
0 0.34453125 0.665625 0.05390625 0.07734375
0 0.57890625 0.50859375 0.0328125 0.05390625
0 0.5078125 0.6328125 0.03984375 0.04921875
0 0.6015625 0.21953125 0.03671875 0.05703125
0 0.71484375 0.2109375 0.03359375 0.05390625
0 0.71640625 0.27734375 0.03125 0.06796875
0 0.7375 0.38984375 0.03359375 0.0328125
0 0.734375 0.4265625 0.0359375 0.04609375
0 0.71171875 0.5046875 0.03984375 0.0546875
0 0.753125 0.49140625 0.03671875 0.0390625
0 0.8109375 0.478125 0.040625 0.05390625
0 0.8015625 0.2984375 0.028125 0.0703125
0 0.82890625 0.3625 0.040625 0.053125
0 0.815625 0.428125 0.04609375 0.034375
0 0.8265625 0.7375 0.03984375 0.0828125
0 0.79765625 0.77421875 0.04140625 0.10390625
0 0.7453125 0.79453125 0.02578125 0.053125
0 0.82578125 0.9296875 0.04296875 0.08828125
0 0.87109375 0.88671875 0.040625 0.075
0 0.928125 0.90078125 0.0390625 0.08203125
0 0.15859375 0.1296875 0.04609375 0.08125
0 0.02421875 0.07890625 0.04375 0.0484375
0 0.8171875 0.11171875 0.0265625 0.07421875
0 0.546875 0.096875 0.0359375 0.065625