0 0.596875 0.425 0.06875 0.07890625
0 0.5796875 0.23125 0.04609375 0.06875
0 0.659375 0.22890625 0.04375 0.05546875
0 0.6375 0.0609375 0.03984375 0.06171875
0 0.51328125 0.18828125 0.03828125 0.05390625
0 0.475 0.2328125 0.04296875 0.07734375
0 0.4296875 0.13984375 0.03046875 0.06640625
0 0.30390625 0.2703125 0.0421875 0.0390625
0 0.3296875 0.35625 0.03828125 0.040625
0 0.33828125 0.403125 0.02265625 0.0609375
0 0.41328125 0.32265625 0.046875 0.06953125
0 0.48828125 0.3296875 0.08671875 0.10078125
0 0.43515625 0.55 0.04296875 0.06015625
0 0.3203125 0.60546875 0.06015625 0.065625
0 0.22734375 0.53984375 0.03125 0.06015625
0 0.2171875 0.7328125 0.0453125 0.0765625
0 0.24375 0.80078125 0.06484375 0.04609375
0 0.403125 0.6875 0.0265625 0.071875
0 0.5 0.54609375 0.01953125 0.05546875
0 0.5328125 0.715625 0.03046875 0.07734375
0 0.71171875 0.6578125 0.0390625 0.07421875
0 0.65859375 0.403125 0.02578125 0.05078125
0 0.86328125 0.54375 0.028125 0.05859375
0 0.8046875 0.7234375 0.03046875 0.0890625
0 0.86015625 0.40703125 0.0390625 0.071875
0 0.990625 0.415625 0.01875 0.059375
0 0.328125 0.7625 0.0265625 0.0390625
0 0.2765625 0.765625 0.01796875 0.03671875
0 0.309375 0.88359375 0.03203125 0.03515625
0 0.79453125 0.92421875 0.0359375 0.07734375
0 0.4125 0.24921875 0.0640625 0.0484375