0 0.4203125 0.2734375 0.028125 0.04765625
0 0.24453125 0.24296875 0.071875 0.11484375
0 0.3390625 0.43828125 0.06484375 0.07109375
0 0.31328125 0.53125 0.0484375 0.08828125
0 0.2625 0.6578125 0.06953125 0.090625
0 0.43671875 0.728125 0.04765625 0.06328125
0 0.27578125 0.83671875 0.059375 0.08515625
0 0.49921875 0.9625 0.103125 0.075
0 0.6 0.940625 0.0625 0.10234375
0 0.1125 0.753125 0.0390625 0.0609375
0 0.18125 0.696875 0.04453125 0.1046875
0 0.1015625 0.91015625 0.15 0.1671875
0 0.31953125 0.0359375 0.05390625 0.07109375
0 0.878125 0.74921875 0.07109375 0.128125
0 0.89296875 0.534375 0.040625 0.08828125