0 0.37734375 0.2828125 0.0390625 0.04921875
0 0.3625 0.3390625 0.04140625 0.04453125
0 0.4015625 0.3265625 0.0421875 0.04375
0 0.446875 0.35546875 0.07109375 0.071875
0 0.5359375 0.51640625 0.07421875 0.0828125
0 0.5265625 0.59296875 0.04453125 0.04296875
0 0.334375 0.56484375 0.0453125 0.04296875
0 0.33359375 0.6578125 0.02890625 0.065625
0 0.5515625 0.740625 0.0375 0.06171875
0 0.6171875 0.72265625 0.02890625 0.0453125
0 0.59296875 0.5265625 0.0328125 0.04453125
0 0.61328125 0.4796875 0.05703125 0.04453125
0 0.9890625 0.55234375 0.021875 0.07890625
0 0.16953125 0.115625 0.0484375 0.0765625