0 0.4859375 0.61484375 0.06875 0.11015625
0 0.440625 0.59296875 0.0359375 0.05859375
0 0.40546875 0.5953125 0.02578125 0.04140625
0 0.378125 0.63828125 0.03515625 0.03359375
0 0.3453125 0.63671875 0.0328125 0.0453125
0 0.3 0.68828125 0.02421875 0.06171875
0 0.378125 0.69375 0.0390625 0.065625
0 0.4390625 0.68671875 0.03046875 0.05234375
0 0.50078125 0.73046875 0.04375 0.08515625
0 0.546875 0.6921875 0.046875 0.05390625
0 0.734375 0.52734375 0.05625 0.0765625
0 0.3703125 0.796875 0.0515625 0.075
0 0.4671875 0.7890625 0.04453125 0.03515625
0 0.3015625 0.7640625 0.03515625 0.07109375
0 0.2375 0.77578125 0.03984375 0.04609375
0 0.80234375 0.84375 0.28984375 0.3125
0 0.740625 0.12890625 0.0328125 0.0703125