0 0.45546875 0.4109375 0.1046875 0.08046875
0 0.53984375 0.36875 0.04375 0.04140625
0 0.54765625 0.31328125 0.05 0.05703125
0 0.6140625 0.20234375 0.0625 0.1125
0 0.54140625 0.53828125 0.0734375 0.0875
0 0.3328125 0.51640625 0.05546875 0.11171875
0 0.25234375 0.5296875 0.06328125 0.1046875
0 0.2171875 0.45859375 0.04453125 0.0515625
0 0.209375 0.53203125 0.0328125 0.053125
0 0.16875 0.5 0.0265625 0.0375
0 0.1890625 0.571875 0.0421875 0.07578125
0 0.1296875 0.56796875 0.071875 0.0875
0 0.0640625 0.6796875 0.025 0.06015625
0 0.10234375 0.70078125 0.05859375 0.0703125
0 0.18359375 0.88359375 0.0921875 0.14921875
0 0.09375 0.95078125 0.0421875 0.075
0 0.034375 0.4734375 0.06875 0.096875
0 0.26015625 0.3296875 0.04296875 0.0671875
0 0.29296875 0.40390625 0.0296875 0.05078125
0 0.33515625 0.4109375 0.0453125 0.09921875
0 0.4546875 0.34140625 0.04140625 0.05546875
0 0.4234375 0.14453125 0.040625 0.05703125
0 0.34375 0.26796875 0.1453125 0.17890625
0 0.15546875 0.37109375 0.0203125 0.05625
0 0.14921875 0.75390625 0.0328125 0.07421875