0 0.275 0.196875 0.05234375 0.06328125
0 0.49765625 0.1375 0.0546875 0.06484375
0 0.5546875 0.2171875 0.07265625 0.0828125
0 0.5609375 0.2984375 0.053125 0.0703125
0 0.38671875 0.36015625 0.0578125 0.05390625
0 0.33515625 0.3640625 0.0546875 0.0609375
0 0.240625 0.27578125 0.040625 0.0640625
0 0.25390625 0.40859375 0.0484375 0.05859375
0 0.3328125 0.46875 0.05 0.08515625
0 0.35078125 0.40859375 0.05390625 0.04375
0 0.4046875 0.42421875 0.04296875 0.08046875
0 0.44921875 0.42265625 0.0390625 0.046875
0 0.4453125 0.490625 0.0453125 0.10546875
0 0.40625 0.5375 0.040625 0.0671875
0 0.4078125 0.59140625 0.04921875 0.06796875
0 0.36328125 0.603125 0.034375 0.090625
0 0.45 0.64375 0.0328125 0.05625
0 0.4671875 0.7609375 0.04765625 0.05859375
0 0.365625 0.83671875 0.0859375 0.0703125
0 0.54296875 0.64765625 0.0609375 0.07421875
0 0.50859375 0.546875 0.05390625 0.075
0 0.53046875 0.51015625 0.03984375 0.06953125