0 0.475 0.62109375 0.04296875 0.096875
0 0.1359375 0.39921875 0.0390625 0.08671875
0 0.41328125 0.8140625 0.034375 0.07890625
0 0.5578125 0.82578125 0.03203125 0.0796875
0 0.6546875 0.77890625 0.040625 0.065625
0 0.65546875 0.59609375 0.0359375 0.0578125
0 0.709375 0.64609375 0.046875 0.0296875
0 0.79453125 0.65703125 0.078125 0.0859375
0 0.87109375 0.60625 0.04296875 0.0609375
0 0.84453125 0.440625 0.0328125 0.06875
0 0.62421875 0.290625 0.040625 0.0671875
0 0.571875 0.03984375 0.04140625 0.078125
0 0.2109375 0.028125 0.05 0.05625
0 0.27734375 0.11640625 0.0390625 0.0453125
0 0.32890625 0.8453125 0.04296875 0.065625
0 0.70703125 0.95625 0.0609375 0.0875