0 0.3828125 0.27421875 0.040625 0.084375
0 0.315625 0.53515625 0.065625 0.0890625
0 0.303125 0.6 0.0515625 0.08828125
0 0.37734375 0.6421875 0.07578125 0.0859375
0 0.40703125 0.7203125 0.04921875 0.071875
0 0.44921875 0.66171875 0.02734375 0.06171875
0 0.4328125 0.36953125 0.0359375 0.071875
0 0.54921875 0.1328125 0.14765625 0.2125
0 0.0859375 0.07578125 0.15234375 0.11328125
0 0.13359375 0.1765625 0.04921875 0.1046875
0 0.29375 0.70546875 0.11640625 0.23125
0 0.35234375 0.80390625 0.05546875 0.103125
0 0.1328125 0.44140625 0.034375 0.0625