0 0.48125 0.70703125 0.0765625 0.12578125
0 0.2203125 0.26953125 0.06015625 0.08203125
0 0.18984375 0.38515625 0.08125 0.0734375
0 0.4109375 0.27890625 0.05625 0.08515625
0 0.3203125 0.27265625 0.059375 0.125
0 0.3421875 0.175 0.10703125 0.13671875
0 0.4640625 0.16796875 0.0828125 0.18671875
0 0.54375 0.1796875 0.07578125 0.1421875
0 0.67890625 0.25234375 0.13515625 0.19140625
0 0.71640625 0.48203125 0.059375 0.103125
0 0.8046875 0.40859375 0.1015625 0.11875
0 0.834375 0.540625 0.06484375 0.128125
0 0.77109375 0.7859375 0.08671875 0.11640625
2 0.709375 0.3265625 0.07421875 0.09140625
3 0.51796875 0.53046875 0.646875 0.6421875
0 0.09765625 0.9671875 0.0375 0.04765625