0 0.3140625 0.37578125 0.040625 0.09140625
0 0.39453125 0.46328125 0.03671875 0.09609375
0 0.26796875 0.56640625 0.0375 0.07578125
0 0.553125 0.33984375 0.040625 0.08828125
0 0.61953125 0.30703125 0.0359375 0.06796875
0 0.6875 0.37578125 0.05625 0.09140625
0 0.74140625 0.36171875 0.03203125 0.05625
0 0.6890625 0.2765625 0.0328125 0.065625
0 0.6015625 0.44921875 0.04453125 0.05234375
0 0.59375 0.53046875 0.0484375 0.0859375
0 0.5515625 0.584375 0.06484375 0.08359375
0 0.60703125 0.659375 0.03828125 0.06640625
0 0.4421875 0.5984375 0.02421875 0.05078125
0 0.36640625 0.63515625 0.0390625 0.0640625
0 0.58125 0.89765625 0.06484375 0.08359375
0 0.7375 0.7046875 0.08125 0.1359375
0 0.6828125 0.54921875 0.040625 0.0796875
0 0.72421875 0.59140625 0.046875 0.053125
0 0.81953125 0.62890625 0.04140625 0.04921875
0 0.840625 0.68828125 0.1171875 0.084375
0 0.78203125 0.8234375 0.07109375 0.07109375
0 0.8109375 0.46640625 0.05546875 0.07109375