0 0.54765625 0.1453125 0.03203125 0.03515625
0 0.57890625 0.171875 0.03828125 0.0421875
0 0.60703125 0.20546875 0.021875 0.01640625
0 0.603125 0.2734375 0.046875 0.05703125
0 0.69765625 0.2359375 0.03984375 0.03203125
0 0.7078125 0.29296875 0.03984375 0.0546875
0 0.6453125 0.275 0.02421875 0.0453125
0 0.65859375 0.35625 0.0359375 0.04375
0 0.465625 0.33515625 0.03125 0.05546875
0 0.4171875 0.35234375 0.034375 0.05234375
0 0.3953125 0.475 0.0359375 0.03984375
0 0.28984375 0.35 0.03828125 0.0359375
0 0.29296875 0.4171875 0.04765625 0.05703125
0 0.29609375 0.48046875 0.04296875 0.04296875
0 0.2359375 0.46171875 0.03359375 0.07265625
0 0.19609375 0.4890625 0.02890625 0.06015625
0 0.26875 0.60390625 0.0359375 0.05078125
0 0.3125 0.634375 0.03125 0.04921875
0 0.48203125 0.56796875 0.04140625 0.059375
0 0.4765625 0.46953125 0.03046875 0.059375
0 0.5203125 0.72890625 0.0546875 0.09375
0 0.496875 0.8265625 0.04140625 0.0609375
0 0.5359375 0.8859375 0.0421875 0.078125
0 0.584375 0.8953125 0.03359375 0.07734375
0 0.571875 0.65546875 0.04921875 0.05625
0 0.63515625 0.6328125 0.03984375 0.090625
0 0.6546875 0.5984375 0.02578125 0.084375
0 0.7171875 0.60703125 0.05546875 0.078125
0 0.671875 0.50234375 0.03125 0.071875
0 0.70234375 0.53359375 0.03125 0.05703125
0 0.77109375 0.3578125 0.04140625 0.04921875
0 0.79296875 0.434375 0.08046875 0.0859375
0 0.74296875 0.72421875 0.04921875 0.06015625
0 0.72890625 0.846875 0.03828125 0.0515625
0 0.703125 0.9125 0.04140625 0.03359375
0 0.83359375 0.79453125 0.0390625 0.06171875
0 0.915625 0.70234375 0.02734375 0.05625