0 0.12734375 0.11953125 0.1265625 0.2390625
0 0.321875 0.32734375 0.0453125 0.05078125
0 0.3734375 0.50625 0.04296875 0.06015625
0 0.46015625 0.521875 0.025 0.05078125
0 0.64453125 0.55703125 0.03359375 0.04296875
0 0.6375 0.590625 0.03046875 0.0359375
0 0.646875 0.6453125 0.03203125 0.05
0 0.69375 0.4796875 0.05 0.06328125
0 0.36875 0.61875 0.0453125 0.0390625
0 0.25390625 0.62265625 0.03515625 0.05
0 0.25234375 0.71796875 0.03046875 0.05078125
0 0.3734375 0.82265625 0.02578125 0.06953125
0 0.34453125 0.84140625 0.0328125 0.10390625
0 0.41328125 0.934375 0.03359375 0.10078125
0 0.48984375 0.66015625 0.02265625 0.0984375
0 0.403125 0.73203125 0.0328125 0.05234375
0 0.66796875 0.86953125 0.0375 0.0609375
0 0.76171875 0.87265625 0.03203125 0.05859375
0 0.10234375 0.6984375 0.03671875 0.04453125
0 0.06796875 0.62734375 0.0328125 0.05234375
0 0.16328125 0.94765625 0.0390625 0.0421875