0 0.11796875 0.56484375 0.10859375 0.08125
0 0.19609375 0.87734375 0.08359375 0.084375
0 0.2578125 0.875 0.0265625 0.0578125
0 0.303125 0.9015625 0.04921875 0.06171875
0 0.5203125 0.92578125 0.03984375 0.08046875
0 0.521875 0.82109375 0.05078125 0.04375
0 0.60078125 0.83046875 0.04609375 0.0609375
0 0.69453125 0.47578125 0.0328125 0.06796875
0 0.77265625 0.60625 0.05234375 0.04609375
0 0.5546875 0.2703125 0.03359375 0.08125
0 0.65 0.29296875 0.0328125 0.05078125
0 0.584375 0.1921875 0.04609375 0.10625
0 0.6328125 0.16484375 0.0171875 0.0609375
0 0.5375 0.19921875 0.0546875 0.09765625
0 0.24765625 0.19453125 0.18515625 0.1453125
0 0.4171875 0.08046875 0.04296875 0.078125
0 0.45859375 0.05703125 0.02109375 0.06328125
0 0.1296875 0.03203125 0.03828125 0.0640625