0 0.3359375 0.4515625 0.046875 0.071875
0 0.44296875 0.47265625 0.0484375 0.05
0 0.45546875 0.521875 0.075 0.0609375
0 0.5390625 0.44140625 0.04296875 0.040625
0 0.5484375 0.47890625 0.03828125 0.04609375
0 0.4640625 0.68046875 0.0375 0.05703125
0 0.5421875 0.79609375 0.0453125 0.0859375
0 0.4890625 0.303125 0.040625 0.08125
0 0.5421875 0.31328125 0.0359375 0.04765625
0 0.51796875 0.25625 0.04296875 0.046875
0 0.43984375 0.27578125 0.05390625 0.07890625
0 0.40390625 0.32734375 0.046875 0.04453125
0 0.35625 0.32109375 0.03203125 0.04609375
0 0.7109375 0.3125 0.015625 0.059375