0 0.28515625 0.39375 0.0390625 0.07578125
0 0.38984375 0.52265625 0.03515625 0.04921875
0 0.38828125 0.56796875 0.04140625 0.0390625
0 0.3515625 0.6859375 0.0375 0.046875
0 0.30703125 0.68125 0.04765625 0.05859375
0 0.47109375 0.57890625 0.02890625 0.0484375
0 0.459375 0.478125 0.03046875 0.0421875
0 0.5296875 0.46796875 0.021875 0.0484375
0 0.57578125 0.44140625 0.021875 0.0453125
0 0.63984375 0.36171875 0.025 0.0515625
0 0.31640625 0.17421875 0.028125 0.06015625
0 0.421875 0.159375 0.03359375 0.06015625
0 0.4828125 0.1625 0.02890625 0.05703125
0 0.53203125 0.146875 0.0765625 0.0734375
0 0.4609375 0.21796875 0.0359375 0.0421875
0 0.478125 0.35859375 0.02109375 0.05703125
0 0.56875 0.49921875 0.025 0.0328125
0 0.5 0.85234375 0.0296875 0.065625
0 0.609375 0.834375 0.021875 0.0453125
0 0.87265625 0.575 0.03671875 0.05234375
0 0.83828125 0.70703125 0.05390625 0.05703125
0 0.690625 0.81171875 0.03046875 0.0546875
0 0.47421875 0.06015625 0.025 0.02265625
0 0.61875 0.09140625 0.02578125 0.0390625
0 0.18046875 0.19140625 0.0515625 0.06015625
0 0.63046875 0.13125 0.0328125 0.0484375
0 0.6828125 0.17265625 0.03828125 0.0375