0 0.4453125 0.5828125 0.06015625 0.08359375
0 0.44921875 0.71796875 0.0328125 0.0734375
0 0.5609375 0.7125 0.05390625 0.053125
0 0.63359375 0.6984375 0.028125 0.078125
0 0.675 0.6859375 0.028125 0.04375
0 0.26953125 0.31953125 0.071875 0.1078125
0 0.3109375 0.28515625 0.040625 0.06640625
0 0.31015625 0.18515625 0.046875 0.040625
0 0.3625 0.234375 0.03984375 0.059375
0 0.31953125 0.071875 0.04296875 0.05625
0 0.35625 0.04453125 0.05078125 0.06875
0 0.3875 0.02109375 0.03125 0.04140625
0 0.24609375 0.86953125 0.03671875 0.05
0 0.95625 0.7078125 0.0546875 0.04921875