0 0.43046875 0.31640625 0.0703125 0.1296875
0 0.28046875 0.20859375 0.06015625 0.08203125
0 0.27109375 0.0875 0.04609375 0.0546875
0 0.35625 0.10234375 0.065625 0.08359375
0 0.4625 0.0703125 0.05234375 0.08828125
0 0.1359375 0.34921875 0.0765625 0.09609375
0 0.603125 0.78203125 0.09765625 0.19375
0 0.59765625 0.58671875 0.0640625 0.05
0 0.6890625 0.54609375 0.0671875 0.1140625
0 0.72109375 0.45078125 0.09609375 0.0828125
0 0.80078125 0.7 0.0515625 0.07421875
0 0.5328125 0.953125 0.0859375 0.09375
0 0.41953125 0.94921875 0.0515625 0.0609375
0 0.2078125 0.94921875 0.065625 0.08828125