0 0.5359375 0.3671875 0.02421875 0.04296875
0 0.4640625 0.428125 0.028125 0.04375
0 0.446875 0.4515625 0.0296875 0.0546875
0 0.51796875 0.4328125 0.03203125 0.05234375
0 0.59921875 0.43046875 0.0484375 0.08125
0 0.5921875 0.29375 0.05234375 0.05859375
0 0.6984375 0.26015625 0.03203125 0.0625
0 0.7078125 0.39296875 0.05 0.03828125
0 0.73203125 0.36015625 0.04375 0.02421875
0 0.63984375 0.21796875 0.05390625 0.071875
0 0.58828125 0.20078125 0.04609375 0.0828125
0 0.67890625 0.20859375 0.046875 0.040625
0 0.76015625 0.29375 0.04453125 0.05859375
0 0.63828125 0.43359375 0.02734375 0.05390625
0 0.371875 0.47421875 0.06171875 0.08359375
0 0.4421875 0.28359375 0.0359375 0.02734375
0 0.4625 0.328125 0.04140625 0.05546875
0 0.69296875 0.30625 0.03984375 0.046875
0 0.77578125 0.3671875 0.01640625 0.0296875
0 0.7453125 0.21953125 0.03515625 0.0265625
0 0.315625 0.453125 0.02265625 0.053125