0 0.4203125 0.47109375 0.0625 0.0890625
0 0.37734375 0.1109375 0.0421875 0.07578125
0 0.4421875 0.34765625 0.05078125 0.11484375
0 0.53671875 0.36640625 0.06796875 0.05390625
0 0.56015625 0.51796875 0.04296875 0.06171875
0 0.459375 0.61171875 0.034375 0.06875
0 0.4140625 0.69453125 0.0375 0.0875
0 0.3859375 0.71953125 0.0578125 0.05703125
0 0.4609375 0.87109375 0.046875 0.0578125
0 0.2875 0.58046875 0.05703125 0.04453125
0 0.7671875 0.40078125 0.04453125 0.059375
0 0.765625 0.46640625 0.0515625 0.0484375
0 0.76796875 0.5296875 0.046875 0.04921875
0 0.83046875 0.334375 0.04453125 0.0734375
0 0.7734375 0.78203125 0.04921875 0.07421875
0 0.8984375 0.83125 0.0421875 0.078125
0 0.30625 0.47890625 0.02734375 0.04921875