0 0.4078125 0.2 0.0515625 0.08671875
0 0.45546875 0.18984375 0.04609375 0.06328125
0 0.31875 0.44765625 0.0453125 0.10859375
0 0.4234375 0.590625 0.0390625 0.084375
0 0.5140625 0.60703125 0.04140625 0.07421875
0 0.54453125 0.48671875 0.071875 0.09375
0 0.5875 0.63046875 0.0578125 0.0765625
0 0.56953125 0.76171875 0.05625 0.07265625
0 0.65546875 0.64375 0.03203125 0.0859375
0 0.69375 0.54140625 0.04609375 0.08984375
0 0.871875 0.5015625 0.0375 0.0671875
0 0.87421875 0.4453125 0.028125 0.04453125
0 0.82734375 0.55390625 0.0890625 0.040625
0 0.8546875 0.6125 0.04609375 0.0859375