0 0.5265625 0.30390625 0.0359375 0.05625
0 0.59140625 0.378125 0.03515625 0.053125
0 0.66875 0.3421875 0.0609375 0.11328125
0 0.609375 0.62890625 0.03203125 0.0890625
0 0.5703125 0.63359375 0.02265625 0.06875
0 0.62734375 0.7546875 0.03046875 0.07421875
0 0.72109375 0.46953125 0.03359375 0.04453125
0 0.73515625 0.5484375 0.0328125 0.0796875
0 0.803125 0.5265625 0.0328125 0.08671875
0 0.77890625 0.61328125 0.04609375 0.04609375
0 0.77734375 0.4015625 0.03984375 0.0546875
0 0.7390625 0.34296875 0.028125 0.10546875
0 0.7984375 0.32578125 0.05625 0.08671875