0 0.4796875 0.259375 0.040625 0.0578125
0 0.4484375 0.3109375 0.02421875 0.03828125
0 0.409375 0.35859375 0.02421875 0.0421875
0 0.43125 0.40390625 0.04296875 0.0390625
0 0.4734375 0.4140625 0.0390625 0.0484375
0 0.52578125 0.41171875 0.05078125 0.04921875
0 0.51953125 0.33046875 0.04296875 0.05390625
0 0.59375 0.39609375 0.06328125 0.07734375
0 0.51171875 0.51640625 0.0421875 0.0640625
0 0.4625 0.4765625 0.06015625 0.05078125
0 0.40234375 0.4578125 0.04921875 0.0953125
0 0.34453125 0.46953125 0.06171875 0.065625
0 0.29765625 0.496875 0.046875 0.04296875
0 0.275 0.5265625 0.04609375 0.0546875
0 0.30234375 0.63828125 0.046875 0.0453125
0 0.43984375 0.63359375 0.00390625 0.00546875
0 0.4296875 0.59296875 0.0609375 0.06640625
0 0.5078125 0.6640625 0.0515625 0.09921875
0 0.39140625 0.56171875 0.04296875 0.06015625
0 0.35546875 0.5828125 0.03125 0.0421875
0 0.3296875 0.571875 0.0421875 0.03125
0 0.32109375 0.5421875 0.03203125 0.04765625
0 0.30703125 0.3875 0.03203125 0.05234375