0 0.484375 0.3109375 0.02578125 0.059375
0 0.5265625 0.303125 0.03671875 0.0296875
0 0.5421875 0.34140625 0.04453125 0.040625
0 0.5328125 0.40234375 0.04375 0.06640625
0 0.4875 0.4015625 0.01875 0.0390625
0 0.4765625 0.5046875 0.03671875 0.0578125
0 0.4578125 0.5734375 0.034375 0.046875
0 0.50625 0.59140625 0.040625 0.0375
0 0.57734375 0.5515625 0.03203125 0.05078125
0 0.5296875 0.525 0.03125 0.03515625
0 0.50546875 0.54140625 0.02578125 0.0625
0 0.55234375 0.6125 0.03984375 0.059375
0 0.5359375 0.72890625 0.05390625 0.046875
0 0.64296875 0.57734375 0.0765625 0.06328125
0 0.54609375 0.49375 0.04375 0.05859375
0 0.58046875 0.48203125 0.034375 0.05234375
0 0.659375 0.48359375 0.0359375 0.05234375