0 0.56484375 0.3859375 0.04375 0.0640625
0 0.58828125 0.44765625 0.04140625 0.0703125
0 0.56640625 0.46953125 0.0609375 0.0875
0 0.56015625 0.53984375 0.06484375 0.078125
0 0.64609375 0.44453125 0.03359375 0.06484375
0 0.6890625 0.440625 0.0484375 0.0859375
0 0.69296875 0.553125 0.03125 0.06953125
0 0.6484375 0.615625 0.0484375 0.06484375
0 0.5265625 0.65078125 0.04296875 0.0765625
0 0.49375 0.85390625 0.0421875 0.06015625
0 0.68984375 0.86640625 0.05625 0.07265625
0 0.803125 0.8671875 0.04140625 0.040625
0 0.83984375 0.8984375 0.025 0.06796875
0 0.821875 0.94921875 0.05234375 0.05625
0 0.80859375 0.9109375 0.03828125 0.05078125
0 0.85546875 0.85 0.034375 0.0703125
0 0.6015625 0.3 0.034375 0.0484375
0 0.5890625 0.3421875 0.04921875 0.05390625
0 0.7203125 0.30234375 0.03984375 0.05859375
0 0.7578125 0.2765625 0.03984375 0.05390625
0 0.7640625 0.33828125 0.0390625 0.06953125
0 0.815625 0.30078125 0.04609375 0.09453125
0 0.8015625 0.3953125 0.03671875 0.0859375
0 0.89140625 0.334375 0.040625 0.0390625
0 0.88203125 0.30078125 0.046875 0.05859375
0 0.2171875 0.5265625 0.053125 0.09765625
0 0.10625 0.60546875 0.0515625 0.05390625
0 0.74296875 0.475 0.03359375 0.0453125