0 0.4296875 0.34921875 0.0296875 0.0390625
0 0.4671875 0.39140625 0.03125 0.05625
0 0.4421875 0.4421875 0.04765625 0.0828125
0 0.5375 0.36328125 0.065625 0.09296875
0 0.45859375 0.57578125 0.05859375 0.08046875
0 0.47890625 0.6546875 0.0375 0.06875
0 0.59375 0.60625 0.08046875 0.06796875
0 0.54609375 0.75625 0.0375 0.14296875
0 0.45625 0.71796875 0.03671875 0.05390625
0 0.50234375 0.74140625 0.028125 0.03828125
0 0.48046875 0.83984375 0.0375 0.0734375
0 0.57421875 0.81484375 0.04375 0.059375
0 0.41484375 0.73046875 0.059375 0.0875
0 0.434375 0.66640625 0.03515625 0.05546875
0 0.39296875 0.20390625 0.03359375 0.06328125