0 0.44921875 0.36328125 0.05546875 0.07421875
0 0.59765625 0.290625 0.0796875 0.05625
0 0.653125 0.32890625 0.034375 0.0421875
0 0.6015625 0.36171875 0.02421875 0.06015625
0 0.60859375 0.415625 0.02890625 0.0421875
0 0.62109375 0.4421875 0.04296875 0.06796875
0 0.6484375 0.38125 0.059375 0.06875
0 0.71171875 0.66171875 0.0375 0.07265625
0 0.790625 0.646875 0.0671875 0.08359375
0 0.765625 0.71875 0.0375 0.06484375
0 0.8234375 0.7703125 0.04921875 0.04296875
0 0.90390625 0.775 0.04375 0.0671875
0 0.9625 0.6359375 0.075 0.0953125
0 0.8828125 0.63359375 0.09609375 0.07578125
0 0.934375 0.70234375 0.02421875 0.05625
0 0.19921875 0.0234375 0.05625 0.0453125