0 0.4390625 0.35859375 0.04609375 0.071875
0 0.33671875 0.4296875 0.03359375 0.06484375
0 0.3953125 0.50546875 0.0328125 0.071875
0 0.43984375 0.49609375 0.02578125 0.05
0 0.48046875 0.39765625 0.02734375 0.06328125
0 0.53984375 0.3890625 0.03359375 0.0390625
0 0.521875 0.3484375 0.0390625 0.04453125
0 0.5640625 0.34609375 0.03828125 0.053125
0 0.540625 0.296875 0.04140625 0.028125
0 0.5328125 0.328125 0.02890625 0.0328125
0 0.53203125 0.51875 0.0734375 0.1078125
0 0.5953125 0.47265625 0.05390625 0.07265625
0 0.5484375 0.26484375 0.02578125 0.03984375