0 0.2640625 0.27578125 0.07265625 0.1203125
0 0.2984375 0.4515625 0.06875 0.11640625
0 0.3609375 0.49609375 0.065625 0.09296875
0 0.33125 0.32578125 0.05 0.07109375
0 0.44296875 0.3421875 0.0546875 0.0953125
0 0.51640625 0.396875 0.0453125 0.090625
0 0.54765625 0.50703125 0.03046875 0.0390625
0 0.59921875 0.46796875 0.06171875 0.06875
0 0.64921875 0.63046875 0.06171875 0.1015625
0 0.68203125 0.7 0.05234375 0.08359375
0 0.68359375 0.440625 0.04609375 0.08359375
0 0.60859375 0.34921875 0.06171875 0.05234375
0 0.73671875 0.50859375 0.046875 0.090625
0 0.69453125 0.6109375 0.05625 0.096875
0 0.17421875 0.31875 0.04609375 0.04921875