0 0.33359375 0.48984375 0.05625 0.0546875
0 0.2640625 0.553125 0.06953125 0.065625
0 0.41953125 0.49296875 0.0359375 0.08984375
0 0.5703125 0.42265625 0.0484375 0.103125
0 0.625 0.3859375 0.0375 0.08984375
0 0.7015625 0.1125 0.10234375 0.1421875
0 0.53828125 0.60390625 0.09375 0.18515625
0 0.47265625 0.553125 0.0296875 0.06171875
0 0.39140625 0.665625 0.0625 0.05859375
0 0.50078125 0.74375 0.05859375 0.0765625
0 0.37578125 0.74453125 0.11328125 0.10390625
0 0.559375 0.915625 0.03828125 0.0859375
0 0.725 0.6296875 0.075 0.1125