0 0.22265625 0.5453125 0.04375 0.078125
0 0.2890625 0.51484375 0.02578125 0.04375
0 0.246875 0.478125 0.05625 0.04609375
0 0.4 0.4921875 0.04296875 0.0453125
0 0.3796875 0.4265625 0.04375 0.0671875
0 0.44375 0.48828125 0.03828125 0.10625
0 0.4578125 0.40078125 0.053125 0.071875
0 0.50390625 0.3796875 0.04609375 0.06875
0 0.54765625 0.42421875 0.04765625 0.07734375
0 0.62890625 0.52109375 0.0375 0.06796875
0 0.67578125 0.56640625 0.0515625 0.0890625
0 0.72109375 0.43828125 0.04375 0.0796875
0 0.6515625 0.37734375 0.0453125 0.084375
0 0.59765625 0.36171875 0.07578125 0.11015625
0 0.68515625 0.33359375 0.03515625 0.1046875