0 0.4484375 0.32109375 0.071875 0.0953125
0 0.51640625 0.4515625 0.046875 0.0796875
0 0.56484375 0.4171875 0.03515625 0.09375
0 0.5984375 0.4359375 0.03125 0.0796875
0 0.63203125 0.30703125 0.028125 0.11171875
0 0.51953125 0.5640625 0.0703125 0.0828125
0 0.54453125 0.63359375 0.05859375 0.0625
0 0.575 0.61484375 0.03046875 0.08125
0 0.62265625 0.6046875 0.05 0.05546875
0 0.61640625 0.67265625 0.04296875 0.07421875
0 0.64609375 0.75390625 0.04765625 0.07890625
0 0.65390625 0.6890625 0.05625 0.03828125
0 0.6734375 0.4625 0.04921875 0.10390625
0 0.47109375 0.83984375 0.07734375 0.08125