0 0.2546875 0.60703125 0.109375 0.06875
0 0.36640625 0.2734375 0.06796875 0.07109375
0 0.4828125 0.43046875 0.06328125 0.078125
0 0.4609375 0.5296875 0.046875 0.059375
0 0.521875 0.54453125 0.05625 0.078125
0 0.57265625 0.44765625 0.06640625 0.0640625
0 0.5921875 0.35 0.04921875 0.08203125
0 0.70546875 0.2234375 0.0640625 0.11875
0 0.7234375 0.39921875 0.0359375 0.09296875
0 0.67109375 0.41953125 0.05234375 0.0671875
0 0.6421875 0.59453125 0.04140625 0.09609375
0 0.42578125 0.17890625 0.17109375 0.1140625
0 0.353125 0.8765625 0.04765625 0.053125