0 0.484375 0.33671875 0.0453125 0.05859375
0 0.4484375 0.27734375 0.03671875 0.0484375
0 0.4921875 0.26875 0.0390625 0.05859375
0 0.65234375 0.365625 0.03046875 0.05234375
0 0.6265625 0.465625 0.0296875 0.09453125
0 0.67734375 0.47578125 0.03046875 0.08203125
0 0.37109375 0.46875 0.03671875 0.0640625
0 0.33359375 0.43359375 0.05625 0.08046875
0 0.38203125 0.40390625 0.05234375 0.07890625
0 0.29765625 0.48359375 0.05234375 0.096875
0 0.29453125 0.57578125 0.0390625 0.09921875
0 0.4265625 0.66328125 0.05546875 0.05859375
0 0.696875 0.38671875 0.071875 0.06171875