0 0.55 0.21640625 0.09453125 0.065625
0 0.6078125 0.34140625 0.07890625 0.08828125
0 0.5984375 0.42734375 0.0671875 0.08125
0 0.328125 0.5484375 0.04765625 0.05625
0 0.3078125 0.82109375 0.03203125 0.1015625
0 0.446875 0.634375 0.04921875 0.121875
0 0.49609375 0.765625 0.0453125 0.06328125
0 0.73125 0.66484375 0.04296875 0.0921875
0 0.73671875 0.8171875 0.05234375 0.0796875
0 0.77734375 0.4140625 0.071875 0.078125
0 0.77265625 0.50625 0.08203125 0.0734375
0 0.25703125 0.45546875 0.0671875 0.0421875
0 0.83984375 0.85703125 0.06953125 0.11875
0 0.82890625 0.7515625 0.021875 0.06484375