0 0.378125 0.58515625 0.05859375 0.04296875
0 0.33828125 0.63515625 0.05390625 0.08125
0 0.53671875 0.71171875 0.05 0.08359375
0 0.71015625 0.47578125 0.06015625 0.12421875
0 0.284375 0.55234375 0.075 0.10390625
0 0.2828125 0.63828125 0.05546875 0.0484375
0 0.4609375 0.06328125 0.05390625 0.06171875
0 0.22578125 0.05546875 0.05625 0.06171875
0 0.109375 0.27734375 0.040625 0.0671875
0 0.096875 0.49765625 0.03984375 0.04765625
0 0.11953125 0.54609375 0.0421875 0.06953125
0 0.1625 0.5328125 0.0296875 0.07265625
0 0.1859375 0.671875 0.02421875 0.05703125
0 0.13984375 0.58828125 0.03359375 0.0375