0 0.184375 0.190625 0.0328125 0.0578125
0 0.1921875 0.25078125 0.04296875 0.05
0 0.190625 0.2875 0.0265625 0.046875
0 0.12109375 0.32890625 0.046875 0.046875
0 0.17890625 0.4078125 0.046875 0.06875
0 0.13046875 0.49296875 0.05390625 0.0625
0 0.26015625 0.1171875 0.053125 0.08515625
0 0.3125 0.0890625 0.05078125 0.0953125
0 0.36328125 0.15390625 0.059375 0.075
0 0.4125 0.10625 0.05 0.04921875
0 0.4015625 0.31953125 0.02578125 0.0390625
0 0.57578125 0.35390625 0.0515625 0.07109375
0 0.54609375 0.146875 0.03125 0.053125
0 0.7125 0.2640625 0.05 0.06015625
0 0.72890625 0.47109375 0.04609375 0.07265625
0 0.71328125 0.528125 0.04921875 0.0453125
0 0.671875 0.54609375 0.04296875 0.0953125
0 0.62265625 0.54453125 0.03515625 0.10390625
0 0.56640625 0.5484375 0.0546875 0.0546875
0 0.78203125 0.54765625 0.08359375 0.11796875
0 0.509375 0.67734375 0.05546875 0.07109375
0 0.43671875 0.02734375 0.04609375 0.0546875
0 0.53203125 0.07734375 0.046875 0.05625
0 0.56953125 0.11015625 0.03828125 0.05703125