0 0.38359375 0.27734375 0.0671875 0.10859375
0 0.34375 0.14140625 0.05546875 0.07265625
0 0.2546875 0.23984375 0.05390625 0.0640625
0 0.2859375 0.31484375 0.03828125 0.05234375
0 0.28671875 0.3765625 0.05859375 0.0484375
0 0.43671875 0.4796875 0.04140625 0.08359375
0 0.34609375 0.465625 0.046875 0.0734375
0 0.5953125 0.4109375 0.0453125 0.0890625
0 0.10546875 0.7796875 0.059375 0.175
0 0.46875 0.084375 0.03203125 0.0703125
0 0.51015625 0.0796875 0.02734375 0.06171875
0 0.54765625 0.084375 0.03046875 0.07109375