0 0.265625 0.3453125 0.0515625 0.08359375
0 0.0953125 0.14453125 0.053125 0.08984375
0 0.3375 0.30234375 0.05703125 0.0984375
0 0.02578125 0.0734375 0.04609375 0.10546875
0 0.034375 0.2921875 0.06875 0.09453125
0 0.43046875 0.59375 0.0734375 0.134375
0 0.3578125 0.56953125 0.04296875 0.11328125
0 0.54921875 0.28671875 0.0546875 0.134375
0 0.48515625 0.18125 0.0390625 0.08203125
0 0.715625 0.51796875 0.0640625 0.12421875
0 0.66171875 0.61640625 0.065625 0.14609375
0 0.5859375 0.71875 0.0546875 0.08984375
0 0.6265625 0.790625 0.09453125 0.15546875
0 0.4171875 0.896875 0.046875 0.09375
0 0.80546875 0.63515625 0.0828125 0.1234375
0 0.70234375 0.96171875 0.00078125 0.00078125