0 0.39296875 0.465625 0.0609375 0.05859375
0 0.25390625 0.67890625 0.07109375 0.09765625
0 0.1578125 0.2703125 0.0546875 0.1203125
0 0.221875 0.171875 0.05859375 0.0609375
0 0.27578125 0.115625 0.0515625 0.12109375
0 0.4953125 0.3375 0.11171875 0.09609375
0 0.6046875 0.3671875 0.05625 0.078125
0 0.6078125 0.46953125 0.0546875 0.10234375
0 0.56484375 0.5359375 0.06875 0.13046875
0 0.5171875 0.62578125 0.0734375 0.090625
0 0.428125 0.59453125 0.10703125 0.1296875
0 0.40546875 0.715625 0.0703125 0.0765625
0 0.36171875 0.7375 0.028125 0.04453125
0 0.359375 0.975 0.053125 0.05
0 0.67890625 0.4609375 0.046875 0.11484375
0 0.7328125 0.43984375 0.0671875 0.05703125
0 0.7703125 0.51875 0.05546875 0.08984375
0 0.76953125 0.61953125 0.06640625 0.0421875
0 0.84765625 0.4890625 0.08984375 0.1234375