0 0.46875 0.61171875 0.05078125 0.121875
0 0.415625 0.3078125 0.05625 0.08671875
0 0.28984375 0.37421875 0.05703125 0.1
0 0.3484375 0.60625 0.04296875 0.10390625
0 0.41171875 0.74921875 0.06328125 0.08671875
0 0.45859375 0.721875 0.02578125 0.09765625
0 0.5453125 0.7265625 0.03046875 0.09609375
0 0.596875 0.909375 0.03203125 0.08671875
0 0.5640625 0.95859375 0.071875 0.0828125
0 0.06015625 0.671875 0.0515625 0.0890625
0 0.10234375 0.76484375 0.071875 0.05625
0 0.14296875 0.49140625 0.03515625 0.05390625
0 0.18125 0.45546875 0.0671875 0.059375
0 0.82421875 0.08515625 0.04296875 0.09453125