0 0.4515625 0.21796875 0.03984375 0.08671875
0 0.40546875 0.30390625 0.065625 0.1125
0 0.3359375 0.43125 0.065625 0.1359375
0 0.28359375 0.50234375 0.0671875 0.0984375
0 0.42578125 0.43203125 0.0515625 0.0875
0 0.55859375 0.27265625 0.0296875 0.0796875
0 0.61171875 0.62578125 0.08046875 0.109375
0 0.74453125 0.68671875 0.06875 0.0640625
0 0.7484375 0.53671875 0.05625 0.07734375
0 0.4171875 0.725 0.046875 0.08671875
0 0.36640625 0.75 0.03828125 0.06953125
0 0.3640625 0.81875 0.0515625 0.046875
0 0.3109375 0.790625 0.04609375 0.0609375
0 0.23125 0.7359375 0.03984375 0.05625
0 0.509375 0.3984375 0.0625 0.05859375
0 0.734375 0.9390625 0.08046875 0.10390625
0 0.81953125 0.81015625 0.040625 0.078125