0 0.4078125 0.50546875 0.0515625 0.1015625
0 0.2890625 0.44765625 0.053125 0.0640625
0 0.28203125 0.53515625 0.05234375 0.075
0 0.24140625 0.44296875 0.02890625 0.06171875
0 0.30390625 0.28515625 0.053125 0.06875
0 0.4859375 0.42265625 0.053125 0.06171875
0 0.50703125 0.36953125 0.08125 0.08828125
0 0.5484375 0.3359375 0.03828125 0.07734375
0 0.525 0.275 0.03359375 0.07734375
0 0.4796875 0.73203125 0.09375 0.109375
0 0.7375 0.46875 0.08828125 0.11171875
0 0.9359375 0.63125 0.128125 0.15
0 0.8234375 0.81328125 0.0765625 0.0953125
3 0.575 0.525 0.41171875 0.22109375
0 0.284375 0.8671875 0.0640625 0.0953125