0 0.5140625 0.62265625 0.04765625 0.11015625
0 0.346875 0.45703125 0.0390625 0.03671875
0 0.30390625 0.525 0.0421875 0.071875
0 0.253125 0.50546875 0.053125 0.07109375
0 0.153125 0.5390625 0.12578125 0.15703125
0 0.26640625 0.6328125 0.10234375 0.10546875
0 0.1953125 0.746875 0.0703125 0.08203125
0 0.375 0.6671875 0.0546875 0.053125
0 0.33984375 0.7953125 0.08515625 0.08359375
0 0.35234375 0.9125 0.0609375 0.06953125
0 0.48515625 0.93203125 0.1265625 0.1359375
0 0.80390625 0.79453125 0.109375 0.17265625