0 0.29296875 0.284375 0.0953125 0.0828125
0 0.2796875 0.4328125 0.07734375 0.090625
0 0.2546875 0.5109375 0.05859375 0.0546875
0 0.15546875 0.50625 0.04296875 0.084375
0 0.0953125 0.53359375 0.08515625 0.1234375
0 0.153125 0.60078125 0.0546875 0.04140625
0 0.1984375 0.6265625 0.0578125 0.0875
0 0.31328125 0.57890625 0.06640625 0.06484375
0 0.3234375 0.63046875 0.0390625 0.06171875
0 0.4984375 0.4796875 0.0765625 0.07421875
0 0.53515625 0.7828125 0.0796875 0.096875
0 0.7625 0.5484375 0.078125 0.06796875
0 0.84375 0.5140625 0.08828125 0.10703125