0 0.28203125 0.6125 0.04765625 0.07890625
0 0.3390625 0.60625 0.0578125 0.12734375
0 0.45859375 0.834375 0.11640625 0.134375
0 0.54375 0.48125 0.03984375 0.06640625
0 0.53828125 0.56875 0.046875 0.04921875
0 0.71328125 0.53828125 0.04140625 0.075
0 0.76875 0.6796875 0.06484375 0.059375
0 0.753125 0.78671875 0.0671875 0.06640625
0 0.73984375 0.734375 0.03359375 0.03828125
0 0.6125 0.2109375 0.046875 0.065625
0 0.55546875 0.16328125 0.0484375 0.07109375
0 0.49140625 0.19453125 0.0546875 0.07421875
0 0.14921875 0.98671875 0.03984375 0.0265625
0 0.41484375 0.984375 0.0453125 0.03125