0 0.29609375 0.371875 0.06328125 0.07265625
0 0.34296875 0.70390625 0.05546875 0.071875
0 0.31328125 0.2109375 0.05078125 0.0859375
0 0.3890625 0.234375 0.06171875 0.06796875
0 0.384375 0.16171875 0.0328125 0.05625
0 0.490625 0.09453125 0.04375 0.05546875
0 0.5515625 0.16953125 0.0546875 0.0703125
0 0.62578125 0.2375 0.04453125 0.065625
0 0.65546875 0.31484375 0.03515625 0.059375
0 0.7 0.29921875 0.0375 0.06875
0 0.7328125 0.409375 0.03984375 0.0953125
0 0.79453125 0.41328125 0.040625 0.05
0 0.85703125 0.484375 0.071875 0.05703125
0 0.85703125 0.3953125 0.0484375 0.0609375
0 0.95078125 0.34609375 0.0390625 0.0828125
0 0.9890625 0.3078125 0.021875 0.10546875