0 0.39453125 0.4234375 0.0484375 0.1640625
0 0.4 0.5890625 0.0796875 0.0625
0 0.46015625 0.54765625 0.04765625 0.09609375
0 0.59296875 0.50078125 0.04921875 0.06953125
0 0.36015625 0.23203125 0.0390625 0.171875
0 0.3984375 0.19453125 0.03359375 0.05234375
0 0.44765625 0.71484375 0.0703125 0.08359375
0 0.52734375 0.79765625 0.07578125 0.09453125
0 0.4890625 0.88203125 0.059375 0.1078125
0 0.58828125 0.85625 0.04453125 0.103125
0 0.596875 0.73984375 0.05859375 0.08359375
0 0.6375 0.78515625 0.05078125 0.084375
0 0.68046875 0.871875 0.0953125 0.11015625
0 0.71953125 0.71875 0.0328125 0.096875
0 0.74296875 0.90390625 0.0625 0.05625