0 0.2828125 0.4625 0.07421875 0.09375
0 0.29140625 0.1609375 0.04921875 0.04453125
0 0.4515625 0.40859375 0.0453125 0.08828125
0 0.396875 0.3546875 0.06953125 0.05546875
0 0.5296875 0.371875 0.06640625 0.0953125
0 0.48125 0.47421875 0.06328125 0.08515625
0 0.540625 0.55625 0.0765625 0.08671875
0 0.359375 0.53046875 0.06484375 0.08046875
0 0.3078125 0.66015625 0.2125 0.16953125
0 0.43984375 0.58046875 0.05625 0.07890625
0 0.4453125 0.6515625 0.04765625 0.06328125
0 0.6703125 0.3890625 0.075 0.121875
0 0.66953125 0.85859375 0.078125 0.09921875
0 0.78359375 0.7765625 0.0578125 0.07578125