0 0.3578125 0.4265625 0.03203125 0.0671875
0 0.49765625 0.45546875 0.04453125 0.0640625
0 0.53671875 0.4125 0.0390625 0.06640625
0 0.58203125 0.453125 0.0328125 0.075
0 0.609375 0.3296875 0.05390625 0.090625
0 0.625 0.44296875 0.0484375 0.08984375
0 0.3265625 0.32734375 0.03203125 0.0890625
0 0.28515625 0.3359375 0.03046875 0.0640625
0 0.2578125 0.359375 0.04453125 0.1
0 0.28984375 0.26328125 0.0546875 0.05390625
0 0.32421875 0.18203125 0.06875 0.08359375
0 0.3671875 0.1515625 0.05546875 0.10703125
0 0.31875 0.6890625 0.05703125 0.10859375