0 0.51640625 0.3265625 0.07265625 0.0875
0 0.27890625 0.51953125 0.0640625 0.06953125
0 0.30859375 0.6203125 0.05 0.09609375
0 0.2640625 0.60546875 0.03203125 0.065625
0 0.28046875 0.72109375 0.05390625 0.09296875
0 0.35 0.6828125 0.075 0.0828125
0 0.41015625 0.73203125 0.1125 0.17578125
0 0.4734375 0.69921875 0.0484375 0.11015625
0 0.54296875 0.67578125 0.0765625 0.10859375
0 0.58359375 0.59765625 0.06171875 0.1078125
0 0.63203125 0.57265625 0.06875 0.071875
0 0.665625 0.509375 0.0671875 0.0828125