0 0.4390625 0.47265625 0.12265625 0.11796875
0 0.465625 0.21875 0.06796875 0.103125
0 0.359375 0.215625 0.05078125 0.09765625
0 0.303125 0.27421875 0.0875 0.09140625
0 0.58125 0.1015625 0.1 0.17265625
0 0.52421875 0.61171875 0.053125 0.14921875
0 0.63046875 0.5640625 0.10625 0.0703125
0 0.6375 0.49609375 0.06171875 0.1140625
0 0.715625 0.515625 0.05390625 0.0921875
0 0.75234375 0.40625 0.05078125 0.08515625
0 0.78671875 0.584375 0.0625 0.1609375
0 0.8578125 0.66328125 0.06328125 0.1
0 0.903125 0.60703125 0.059375 0.1078125