0 0.2296875 0.44140625 0.040625 0.0890625
0 0.2765625 0.52265625 0.04765625 0.0671875
0 0.2859375 0.415625 0.0734375 0.078125
0 0.353125 0.45078125 0.05390625 0.05
0 0.38828125 0.5015625 0.04921875 0.0640625
0 0.35546875 0.37890625 0.04609375 0.10625
0 0.39296875 0.37578125 0.0546875 0.06796875
0 0.50390625 0.44453125 0.04609375 0.06171875
0 0.45859375 0.49140625 0.078125 0.10390625
0 0.4 0.64921875 0.05859375 0.0609375
0 0.4046875 0.7203125 0.06640625 0.06484375
0 0.64140625 0.796875 0.04921875 0.08125
0 0.628125 0.89609375 0.05703125 0.07265625