0 0.47265625 0.28359375 0.09765625 0.12890625
0 0.49609375 0.4171875 0.0734375 0.06875
0 0.51484375 0.4984375 0.05078125 0.05234375
0 0.4578125 0.50859375 0.040625 0.08828125
0 0.43203125 0.5671875 0.05859375 0.096875
0 0.5375 0.62109375 0.03984375 0.053125
0 0.53671875 0.5671875 0.06015625 0.04375
0 0.57109375 0.45546875 0.03125 0.09375
0 0.596875 0.5609375 0.06875 0.15078125
0 0.371875 0.71171875 0.07578125 0.05703125
0 0.56328125 0.7703125 0.0671875 0.0875
0 0.34375 0.92578125 0.05546875 0.0875