0 0.61171875 0.5046875 0.0859375 0.0796875
0 0.63125 0.378125 0.0390625 0.06640625
0 0.4890625 0.3390625 0.05703125 0.071875
0 0.475 0.4328125 0.1125 0.12734375
0 0.3078125 0.48671875 0.05 0.0671875
0 0.428125 0.575 0.02890625 0.07890625
0 0.646875 0.61640625 0.10078125 0.08125
0 0.62265625 0.71953125 0.065625 0.09609375
0 0.2046875 0.478125 0.04140625 0.0953125
0 0.10625 0.42578125 0.0421875 0.0953125
0 0.0984375 0.30234375 0.05078125 0.103125
0 0.17578125 0.3546875 0.10859375 0.06171875
0 0.7171875 0.22734375 0.15078125 0.1453125
0 0.840625 0.13125 0.06875 0.075