0 0.33046875 0.3359375 0.0578125 0.07578125
0 0.32890625 0.55 0.0515625 0.06640625
0 0.18984375 0.4890625 0.06484375 0.06796875
0 0.5265625 0.26015625 0.05703125 0.07421875
0 0.5875 0.3296875 0.03984375 0.04453125
0 0.55 0.45 0.053125 0.06328125
0 0.659375 0.51015625 0.04375 0.0734375
0 0.81328125 0.403125 0.034375 0.05390625
0 0.52734375 0.74921875 0.07109375 0.13515625
0 0.5890625 0.71875 0.09140625 0.12734375
0 0.7140625 0.82265625 0.05703125 0.09609375
0 0.95625 0.73203125 0.06328125 0.12734375