0 0.434375 0.50859375 0.0640625 0.06875
0 0.4984375 0.51484375 0.03671875 0.0609375
0 0.4359375 0.565625 0.04375 0.0453125
0 0.43125 0.69765625 0.03125 0.03515625
0 0.45390625 0.73515625 0.02265625 0.06171875
0 0.55625 0.73203125 0.04765625 0.07109375
0 0.634375 0.55859375 0.0359375 0.0734375
0 0.659375 0.42734375 0.03359375 0.06328125
0 0.734375 0.49609375 0.059375 0.08671875
0 0.74140625 0.08046875 0.03203125 0.09296875
0 0.78984375 0.0796875 0.05625 0.0734375
0 0.91796875 0.33203125 0.04453125 0.06328125
0 0.92578125 0.40390625 0.03984375 0.05390625
0 0.30390625 0.56796875 0.0328125 0.0953125
0 0.33671875 0.62578125 0.03203125 0.05859375
0 0.23984375 0.43671875 0.03203125 0.08046875
0 0.29921875 0.64609375 0.04375 0.03984375
0 0.60703125 0.56328125 0.03671875 0.11171875