0 0.44453125 0.19375 0.0640625 0.10546875
0 0.4796875 0.2953125 0.059375 0.12109375
0 0.3265625 0.38671875 0.1140625 0.12265625
0 0.57109375 0.190625 0.0765625 0.11640625
0 0.6703125 0.1609375 0.1140625 0.13984375
0 0.66953125 0.36875 0.07421875 0.08515625
0 0.62734375 0.43984375 0.0453125 0.10859375
0 0.56484375 0.4953125 0.09296875 0.128125
0 0.52890625 0.609375 0.0625 0.0796875
0 0.4625 0.61640625 0.06015625 0.11015625
0 0.61796875 0.6875 0.053125 0.0640625
0 0.6703125 0.57109375 0.04765625 0.078125
0 0.678125 0.4328125 0.06875 0.0609375
0 0.68359375 0.50078125 0.0625 0.07734375