0 0.31953125 0.334375 0.05859375 0.1140625
0 0.51328125 0.24375 0.0765625 0.0859375
0 0.40625 0.51796875 0.05703125 0.11796875
0 0.28828125 0.51640625 0.065625 0.121875
0 0.3453125 0.55859375 0.0453125 0.05546875
0 0.38984375 0.67421875 0.04609375 0.06640625
0 0.21484375 0.865625 0.03203125 0.065625
0 0.2609375 0.85234375 0.0484375 0.1078125
0 0.31640625 0.89453125 0.05 0.07578125
0 0.246875 0.975 0.046875 0.05
0 0.0609375 0.87421875 0.046875 0.11171875
0 0.88828125 0.58828125 0.06640625 0.07890625
0 0.8828125 0.25859375 0.090625 0.1046875