0 0.23671875 0.2046875 0.04140625 0.08984375
0 0.2828125 0.37734375 0.03671875 0.06171875
0 0.2375 0.50546875 0.05 0.04453125
0 0.32890625 0.27578125 0.0296875 0.0671875
0 0.390625 0.23828125 0.034375 0.05234375
0 0.3609375 0.2984375 0.0234375 0.05078125
0 0.46953125 0.23515625 0.04296875 0.1
0 0.5109375 0.3546875 0.03515625 0.0734375
0 0.4578125 0.4140625 0.0609375 0.05625
0 0.50078125 0.4734375 0.04375 0.0796875
0 0.396875 0.6375 0.04140625 0.0546875
0 0.48125 0.69921875 0.03125 0.05546875
0 0.52421875 0.70234375 0.04140625 0.0625
0 0.49375 0.75234375 0.025 0.06015625
0 0.75703125 0.6875 0.046875 0.05390625