0 0.3140625 0.2796875 0.0484375 0.05625
0 0.3515625 0.225 0.0421875 0.0671875
0 0.40703125 0.228125 0.03671875 0.053125
0 0.45 0.1859375 0.0328125 0.040625
0 0.4546875 0.25 0.0390625 0.06640625
0 0.4890625 0.32109375 0.0515625 0.0953125
0 0.37734375 0.3390625 0.040625 0.078125
0 0.39921875 0.58203125 0.03671875 0.0671875
0 0.6671875 0.540625 0.053125 0.0765625
0 0.696875 0.28828125 0.07578125 0.078125
0 0.55078125 0.28828125 0.028125 0.0296875
0 0.73828125 0.6703125 0.08828125 0.1
0 0.74140625 0.934375 0.0375 0.075
0 0.50703125 0.20078125 0.04921875 0.0640625