0 0.4046875 0.3359375 0.0515625 0.07578125
0 0.46796875 0.35078125 0.0703125 0.0921875
0 0.4859375 0.1765625 0.0546875 0.0796875
0 0.5875 0.2515625 0.0359375 0.12421875
0 0.6625 0.41015625 0.04375 0.090625
0 0.234375 0.3140625 0.05859375 0.0953125
0 0.2296875 0.428125 0.0796875 0.12421875
0 0.26171875 0.7359375 0.05625 0.10859375
0 0.31484375 0.7359375 0.05390625 0.1234375
0 0.22421875 0.61015625 0.0484375 0.07421875
0 0.15703125 0.6015625 0.04765625 0.0765625
0 0.06875 0.70234375 0.0859375 0.109375
0 0.115625 0.8125 0.04375 0.07578125
0 0.17578125 0.87109375 0.05078125 0.10703125