0 0.42265625 0.48984375 0.05234375 0.11484375
0 0.484375 0.44921875 0.07421875 0.09765625
0 0.534375 0.21875 0.05390625 0.0765625
0 0.59140625 0.23203125 0.0390625 0.08203125
0 0.5828125 0.39296875 0.06953125 0.09296875
0 0.66328125 0.36640625 0.04453125 0.1109375
0 0.79765625 0.3734375 0.0453125 0.078125
0 0.78828125 0.26796875 0.0609375 0.11875
0 0.5734375 0.55 0.04609375 0.07421875
0 0.365625 0.58359375 0.0703125 0.0921875
0 0.321875 0.6984375 0.0390625 0.0859375
0 0.2859375 0.815625 0.08125 0.06953125