0 0.6265625 0.2609375 0.05546875 0.165625
0 0.6375 0.484375 0.06015625 0.15078125
0 0.72578125 0.47734375 0.0515625 0.1265625
0 0.65 0.60703125 0.0859375 0.06953125
0 0.7140625 0.67890625 0.0984375 0.0875
0 0.65390625 0.74765625 0.0578125 0.0921875
0 0.5890625 0.68046875 0.0515625 0.0953125
0 0.5578125 0.75078125 0.05546875 0.10859375
0 0.47890625 0.71328125 0.0421875 0.14296875
0 0.49609375 0.8203125 0.0765625 0.08203125
0 0.39375 0.78203125 0.04765625 0.09296875
0 0.39375 0.61953125 0.04609375 0.1421875
0 0.2859375 0.6953125 0.075 0.0984375
0 0.32734375 0.80078125 0.12109375 0.109375