0 0.08984375 0.33515625 0.06953125 0.1125
0 0.37734375 0.15546875 0.0640625 0.11953125
0 0.50390625 0.10234375 0.0421875 0.0875
0 0.56875 0.1765625 0.0328125 0.08203125
0 0.34453125 0.290625 0.0640625 0.0640625
0 0.4546875 0.36484375 0.04921875 0.071875
0 0.43984375 0.3015625 0.03515625 0.08203125
0 0.4078125 0.31015625 0.03828125 0.115625
0 0.4015625 0.3859375 0.03203125 0.06953125
0 0.41875 0.44453125 0.04375 0.05859375
0 0.3625 0.4515625 0.07421875 0.0828125
0 0.31640625 0.39296875 0.05703125 0.059375
0 0.2453125 0.31796875 0.05078125 0.06953125
0 0.27734375 0.39296875 0.0578125 0.071875
0 0.1578125 0.49609375 0.03515625 0.1078125
0 0.23125 0.4765625 0.040625 0.10390625
0 0.2328125 0.628125 0.0375 0.0953125
0 0.34453125 0.61328125 0.03671875 0.084375
0 0.3125 0.5734375 0.03984375 0.0875
0 0.509375 0.63671875 0.04453125 0.0859375
0 0.578125 0.6171875 0.04921875 0.0953125
0 0.63984375 0.50703125 0.05078125 0.06875