0 0.4796875 0.1765625 0.04609375 0.1015625
0 0.51796875 0.21015625 0.02890625 0.0671875
0 0.55390625 0.234375 0.028125 0.08125
0 0.60546875 0.21640625 0.0453125 0.0625
0 0.65390625 0.23125 0.0484375 0.0625
0 0.26796875 0.33359375 0.0453125 0.10078125
0 0.1921875 0.3765625 0.0390625 0.08671875
0 0.25 0.53203125 0.04140625 0.071875
0 0.30859375 0.565625 0.0484375 0.08203125
0 0.35390625 0.57734375 0.040625 0.09296875
0 0.73046875 0.8078125 0.05390625 0.165625
0 0.97421875 0.7890625 0.046875 0.0984375