0 0.50390625 0.378125 0.059375 0.09921875
0 0.45546875 0.22890625 0.06796875 0.11640625
0 0.38046875 0.16875 0.04296875 0.09765625
0 0.31875 0.19296875 0.0640625 0.1421875
0 0.18828125 0.43984375 0.06640625 0.14921875
0 0.2734375 0.50078125 0.0484375 0.12890625
0 0.38046875 0.6375 0.04921875 0.09921875
0 0.4828125 0.60859375 0.09453125 0.1171875
0 0.45859375 0.8078125 0.06796875 0.09921875
0 0.76328125 0.58203125 0.1359375 0.24375
0 0.56484375 0.0703125 0.0609375 0.140625
0 0.4796875 0.07734375 0.0359375 0.08671875
0 0.35 0.840625 0.20390625 0.284375
0 0.728125 0.21796875 0.0546875 0.12578125
0 0.81640625 0.159375 0.071875 0.04921875
0 0.77890625 0.0578125 0.11171875 0.1078125