0 0.5421875 0.3625 0.0546875 0.09140625
0 0.50234375 0.1828125 0.04921875 0.125
0 0.5609375 0.1921875 0.0421875 0.0734375
0 0.621875 0.35234375 0.0578125 0.08203125
0 0.75625 0.2484375 0.06796875 0.15
0 0.75859375 0.35859375 0.05078125 0.059375
0 0.45 0.41796875 0.0546875 0.1125
0 0.50859375 0.5546875 0.04375 0.0625
0 0.3921875 0.46015625 0.04140625 0.084375
0 0.36171875 0.546875 0.0796875 0.0828125
0 0.2765625 0.5609375 0.0265625 0.11015625
0 0.29296875 0.65703125 0.02890625 0.08203125
0 0.26640625 0.78125 0.0703125 0.0796875
0 0.3109375 0.31484375 0.034375 0.090625