0 0.4859375 0.3859375 0.0765625 0.109375
0 0.38046875 0.22734375 0.04765625 0.11015625
0 0.309375 0.14453125 0.08359375 0.11640625
0 0.546875 0.10234375 0.05859375 0.103125
0 0.609375 0.14765625 0.04921875 0.1015625
0 0.559375 0.26484375 0.0671875 0.103125
0 0.6234375 0.28515625 0.04921875 0.0859375
0 0.6125 0.49140625 0.065625 0.11015625
0 0.475 0.52578125 0.05390625 0.1
0 0.41640625 0.61796875 0.05703125 0.109375
0 0.2921875 0.65390625 0.0546875 0.08359375
0 0.21796875 0.7578125 0.05078125 0.1
0 0.28515625 0.8171875 0.06484375 0.1
0 0.43671875 0.75390625 0.06015625 0.1171875
0 0.4390625 0.8796875 0.06015625 0.07578125
0 0.57734375 0.72421875 0.06328125 0.0875
0 0.63359375 0.7484375 0.03828125 0.10078125
0 0.2046875 0.39765625 0.07421875 0.13203125