0 0.4359375 0.45859375 0.06796875 0.06640625
0 0.478125 0.55234375 0.07890625 0.0671875
0 0.36640625 0.55390625 0.04453125 0.05546875
0 0.32109375 0.56484375 0.03671875 0.08125
0 0.3890625 0.659375 0.0546875 0.06328125
0 0.25625 0.6109375 0.096875 0.10546875
0 0.23984375 0.4796875 0.05625 0.0984375
0 0.17890625 0.55546875 0.05 0.08125
0 0.08984375 0.73125 0.08203125 0.1890625
0 0.31953125 0.86171875 0.071875 0.09609375
0 0.60703125 0.7015625 0.0609375 0.05703125
0 0.59765625 0.621875 0.03984375 0.11328125
0 0.65234375 0.59921875 0.03984375 0.078125
0 0.521875 0.35078125 0.0359375 0.09375
0 0.4859375 0.2921875 0.0390625 0.08515625
0 0.48125 0.20234375 0.04921875 0.08515625
0 0.346875 0.34765625 0.06875 0.12109375
0 0.2875 0.33203125 0.05703125 0.1015625
0 0.57890625 0.42578125 0.04296875 0.07734375
0 0.57109375 0.2625 0.0625 0.146875
0 0.64765625 0.35 0.02265625 0.05234375
0 0.63359375 0.28515625 0.05859375 0.1234375