0 0.33203125 0.35390625 0.028125 0.05625
0 0.35703125 0.434375 0.0640625 0.09453125
0 0.26484375 0.22578125 0.05390625 0.08046875
0 0.26953125 0.31328125 0.05625 0.10078125
0 0.33125 0.1609375 0.0953125 0.05859375
0 0.37734375 0.1921875 0.03984375 0.06875
0 0.41875 0.16171875 0.05 0.103125
0 0.48046875 0.1609375 0.075 0.1046875
0 0.590625 0.43203125 0.05390625 0.065625
0 0.62734375 0.5046875 0.04140625 0.05859375
0 0.5453125 0.64765625 0.05703125 0.08671875
0 0.78984375 0.9390625 0.11640625 0.08359375
0 0.75546875 0.8046875 0.04609375 0.0890625
0 0.20703125 0.41015625 0.128125 0.13046875
0 0.1421875 0.12265625 0.04453125 0.09453125
0 0.9671875 0.459375 0.03828125 0.11484375