0 0.39453125 0.18046875 0.08359375 0.15390625
0 0.29453125 0.0921875 0.05390625 0.08671875
0 0.325 0.03984375 0.0703125 0.07890625
0 0.38671875 0.30390625 0.0421875 0.08203125
0 0.35703125 0.33515625 0.05546875 0.10078125
0 0.27578125 0.4171875 0.06328125 0.0921875
0 0.49765625 0.21953125 0.04765625 0.06328125
0 0.4984375 0.109375 0.05390625 0.0859375
0 0.534375 0.2265625 0.0375 0.115625
0 0.56484375 0.31328125 0.0453125 0.07421875
0 0.5796875 0.159375 0.05078125 0.071875
0 0.65 0.1171875 0.075 0.121875
0 0.684375 0.2046875 0.05625 0.06328125
0 0.67265625 0.2578125 0.0546875 0.10625
0 0.74453125 0.31484375 0.03671875 0.1125