0 0.28359375 0.165625 0.09765625 0.08046875
0 0.26875 0.26171875 0.06796875 0.0421875
0 0.2953125 0.36484375 0.05078125 0.071875
0 0.24296875 0.3328125 0.040625 0.078125
0 0.37109375 0.2703125 0.040625 0.09296875
0 0.43125 0.2609375 0.03984375 0.05546875
0 0.4328125 0.16640625 0.03125 0.0703125
0 0.5046875 0.23203125 0.0640625 0.07265625
0 0.496875 0.434375 0.0609375 0.1046875
0 0.5125 0.51640625 0.04140625 0.0828125
0 0.38125 0.42734375 0.03125 0.0484375
0 0.4078125 0.51328125 0.0421875 0.11171875
0 0.56796875 0.38203125 0.034375 0.07109375
0 0.6046875 0.3796875 0.03125 0.075
0 0.60625 0.61796875 0.0734375 0.0671875