0 0.3859375 0.3359375 0.05625 0.1203125
0 0.39296875 0.440625 0.04921875 0.07734375
0 0.2375 0.3484375 0.0546875 0.09296875
0 0.25703125 0.20625 0.05859375 0.0859375
0 0.37421875 0.2109375 0.06953125 0.084375
0 0.34140625 0.13046875 0.05234375 0.06953125
0 0.49921875 0.2296875 0.06953125 0.05703125
0 0.48125 0.07421875 0.0671875 0.090625
0 0.4953125 0.15625 0.05703125 0.05546875
0 0.628125 0.1 0.08359375 0.1
0 0.715625 0.059375 0.0640625 0.11796875
0 0.25 0.55546875 0.04375 0.0765625
0 0.3015625 0.615625 0.053125 0.06484375
0 0.44453125 0.66875 0.06640625 0.08984375
0 0.5421875 0.68203125 0.0640625 0.14453125
0 0.425 0.88828125 0.06484375 0.10234375
0 0.82890625 0.30078125 0.0546875 0.16953125