0 0.2671875 0.13984375 0.10078125 0.1109375
0 0.35390625 0.0546875 0.0625 0.078125
0 0.42890625 0.0828125 0.046875 0.08203125
0 0.4296875 0.15546875 0.053125 0.096875
0 0.3828125 0.30546875 0.06796875 0.1546875
0 0.30625 0.578125 0.07890625 0.0796875
0 0.4109375 0.66875 0.08671875 0.06328125
0 0.171875 0.76328125 0.04140625 0.18671875
0 0.18359375 0.48671875 0.06953125 0.08984375
0 0.175 0.3640625 0.0453125 0.0875
0 0.52421875 0.27265625 0.0875 0.04296875
0 0.55078125 0.16328125 0.07109375 0.165625
0 0.65703125 0.2890625 0.05078125 0.14140625
0 0.6640625 0.159375 0.05703125 0.1234375
0 0.75078125 0.33203125 0.0796875 0.09453125
0 0.76484375 0.7140625 0.046875 0.0984375