0 0.5359375 0.52734375 0.04921875 0.078125
0 0.55234375 0.61484375 0.05078125 0.06484375
0 0.53984375 0.70234375 0.05390625 0.0828125
0 0.46796875 0.8125 0.0453125 0.14921875
0 0.40078125 0.85546875 0.06328125 0.0859375
0 0.35390625 0.88671875 0.059375 0.07421875
0 0.3984375 0.9421875 0.08828125 0.1140625
0 0.2421875 0.30859375 0.0546875 0.0703125
0 0.2765625 0.1265625 0.0796875 0.08359375
0 0.39375 0.24765625 0.04921875 0.08984375
0 0.575 0.08828125 0.06875 0.13203125
0 0.6515625 0.09375 0.06328125 0.08984375
0 0.7140625 0.41015625 0.08046875 0.10078125
0 0.7265625 0.50546875 0.103125 0.11171875
0 0.63828125 0.50703125 0.06640625 0.1375
0 0.66640625 0.7359375 0.05234375 0.08203125
0 0.79296875 0.3625 0.03984375 0.03203125
0 0.74140625 0.33203125 0.0390625 0.071875
0 0.80859375 0.28671875 0.0515625 0.0828125