0 0.42734375 0.28203125 0.0546875 0.09140625
0 0.31328125 0.2203125 0.05625 0.08828125
0 0.35859375 0.221875 0.0328125 0.06171875
0 0.22578125 0.346875 0.065625 0.1046875
0 0.4328125 0.78828125 0.0578125 0.11171875
0 0.34921875 0.80625 0.0609375 0.0890625
0 0.52578125 0.84921875 0.04140625 0.0546875
0 0.50859375 0.38359375 0.0765625 0.175
0 0.56640625 0.38828125 0.053125 0.115625
0 0.58203125 0.49453125 0.05625 0.05625
0 0.52890625 0.52734375 0.06171875 0.06640625
0 0.49609375 0.6109375 0.0734375 0.0890625
0 0.590625 0.61484375 0.0640625 0.09921875
0 0.6515625 0.70703125 0.0421875 0.05
0 0.65234375 0.7609375 0.04765625 0.05390625
0 0.59921875 0.79140625 0.05859375 0.0625
0 0.7078125 0.46875 0.06015625 0.18203125