0 0.23359375 0.2796875 0.07109375 0.11640625
0 0.33125 0.17734375 0.10078125 0.146875
0 0.45390625 0.246875 0.02734375 0.04609375
0 0.41484375 0.20859375 0.02421875 0.0421875
0 0.4640625 0.33359375 0.02734375 0.06015625
0 0.39609375 0.15625 0.02890625 0.075
0 0.48203125 0.16328125 0.034375 0.08203125
0 0.44765625 0.17421875 0.02734375 0.0453125
0 0.52890625 0.1765625 0.0375 0.04375
0 0.5671875 0.22421875 0.0234375 0.03125
0 0.60078125 0.253125 0.02890625 0.05546875
0 0.65 0.28203125 0.04296875 0.08359375
0 0.71015625 0.065625 0.059375 0.090625
0 0.84453125 0.23515625 0.2578125 0.4046875