0 0.4734375 0.53515625 0.04296875 0.10078125
0 0.6140625 0.51953125 0.04921875 0.1296875
0 0.75078125 0.33359375 0.06171875 0.1046875
0 0.3296875 0.18046875 0.08203125 0.0953125
0 0.365625 0.26640625 0.05625 0.10625
0 0.34375 0.36171875 0.078125 0.1046875
0 0.209375 0.47265625 0.10625 0.09609375
0 0.33203125 0.61953125 0.0609375 0.146875
0 0.28984375 0.68125 0.06484375 0.11640625
0 0.45703125 0.2578125 0.0421875 0.11796875
0 0.45078125 0.04921875 0.08359375 0.08671875
0 0.0546875 0.30546875 0.07578125 0.05546875
0 0.48203125 0.86484375 0.06875 0.11875