0 0.4703125 0.415625 0.065625 0.09765625
0 0.53671875 0.32734375 0.05234375 0.07890625
0 0.51640625 0.2515625 0.034375 0.0828125
0 0.5390625 0.1734375 0.046875 0.0875
0 0.58671875 0.1953125 0.03203125 0.08125
0 0.7203125 0.3234375 0.03515625 0.1140625
0 0.696875 0.6046875 0.0640625 0.12421875
0 0.5859375 0.68046875 0.07890625 0.12578125
0 0.4625 0.66796875 0.07890625 0.06953125
0 0.54921875 0.825 0.06328125 0.08515625
0 0.24921875 0.1703125 0.0703125 0.1375
0 0.21015625 0.26796875 0.075 0.090625
0 0.39296875 0.22109375 0.03671875 0.08671875
0 0.38046875 0.55078125 0.0484375 0.09453125