2 0.4734375 0.25546875 0.0546875 0.075
2 0.46484375 0.359375 0.0765625 0.10625
2 0.596875 0.38984375 0.03359375 0.0640625
0 0.08203125 0.6375 0.03046875 0.0484375
0 0.084375 0.7125 0.03125 0.03671875
2 0.80234375 0.725 0.03203125 0.06640625
2 0.59921875 0.03828125 0.0484375 0.07578125
2 0.87578125 0.19453125 0.06796875 0.084375
2 0.96875 0.159375 0.03828125 0.0640625
2 0.92578125 0.0890625 0.03203125 0.06484375
2 0.12890625 0.6859375 0.0296875 0.0421875
2 0.18828125 0.70078125 0.0265625 0.0328125
2 0.3453125 0.4640625 0.01328125 0.0484375
2 0.36640625 0.64453125 0.0234375 0.03203125